530070002
600195000
098000060
800060003
400803001
700020006
060000280
000419005
000080079

530070012
600195000
098000060
800060003
400803001
700020006
060000280
000419005
000080079

530070412
600195000
098000060
800060003
400803001
700020006
060000280
000419005
000080079

530076412
600195000
098000060
800060003
400803001
700020006
060000280
000419005
000080079

530078412
600195000
098000060
800060003
400803001
700020006
060000280
000419005
000080079

530678412
600195000
098000060
800060003
400803001
700020006
060000280
000419005
000080079

530070812
600195000
098000060
800060003
400803001
700020006
060000280
000419005
000080079

530074812
600195000
098000060
800060003
400803001
700020006
060000280
000419005
000080079

530674812
600195000
098000060
800060003
400803001
700020006
060000280
000419005
000080079

530076812
600195000
098000060
800060003
400803001
700020006
060000280
000419005
000080079

530070912
600195000
098000060
800060003
400803001
700020006
060000280
000419005
000080079

530074912
600195000
098000060
800060003
400803001
700020006
060000280
000419005
000080079

530674912
600195000
098000060
800060003
400803001
700020006
060000280
000419005
000080079

530076912
600195000
098000060
800060003
400803001
700020006
060000280
000419005
000080079

530078912
600195000
098000060
800060003
400803001
700020006
060000280
000419005
000080079

530678912
600195000
098000060
800060003
400803001
700020006
060000280
000419005
000080079

534678912
600195000
098000060
800060003
400803001
700020006
060000280
000419005
000080079

534678912
600195004
098000060
800060003
400803001
700020006
060000280
000419005
000080079

534678912
600195034
098000060
800060003
400803001
700020006
060000280
000419005
000080079

534678912
600195734
098000060
800060003
400803001
700020006
060000280
000419005
000080079

534678912
602195734
098000060
800060003
400803001
700020006
060000280
000419005
000080079

534678912
600195834
098000060
800060003
400803001
700020006
060000280
000419005
000080079

534678912
602195834
098000060
800060003
400803001
700020006
060000280
000419005
000080079

534678912
672195834
098000060
800060003
400803001
700020006
060000280
000419005
000080079

534678912
672195834
098000067
800060003
400803001
700020006
060000280
000419005
000080079

534678912
672195834
098000567
800060003
400803001
700020006
060000280
000419005
000080079

534678912
672195834
098002567
800060003
400803001
700020006
060000280
000419005
000080079

534678912
672195834
098032567
800060003
400803001
700020006
060000280
000419005
000080079

534678912
672195834
098042567
800060003
400803001
700020006
060000280
000419005
000080079

534678912
672195834
098342567
800060003
400803001
700020006
060000280
000419005
000080079

534678912
672195834
198342567
800060003
400803001
700020006
060000280
000419005
000080079

534678912
672195834
198342567
800060023
400803001
700020006
060000280
000419005
000080079

534678912
672195834
198342567
800060423
400803001
700020006
060000280
000419005
000080079

534678912
672195834
198342567
800061423
400803001
700020006
060000280
000419005
000080079

534678912
672195834
198342567
800561423
400803001
700020006
060000280
000419005
000080079

534678912
672195834
198342567
809561423
400803001
700020006
060000280
000419005
000080079

534678912
672195834
198342567
800761423
400803001
700020006
060000280
000419005
000080079

534678912
672195834
198342567
805761423
400803001
700020006
060000280
000419005
000080079

534678912
672195834
198342567
809761423
400803001
700020006
060000280
000419005
000080079

534678912
672195834
198342567
859761423
400803001
700020006
060000280
000419005
000080079

534678912
672195834
198342567
859761423
400803051
700020006
060000280
000419005
000080079

534678912
672195834
198342567
859761423
400803751
700020006
060000280
000419005
000080079

534678912
672195834
198342567
859761423
400803091
700020006
060000280
000419005
000080079

534678912
672195834
198342567
859761423
400803791
700020006
060000280
000419005
000080079

534678912
672195834
198342567
859761423
400853791
700020006
060000280
000419005
000080079

534678912
672195834
198342567
859761423
406853791
700020006
060000280
000419005
000080079

534678912
672195834
198342567
859761423
426853791
700020006
060000280
000419005
000080079

534678912
672195834
198342567
859761423
426853791
700020056
060000280
000419005
000080079

534678912
672195834
198342567
800961423
400803001
700020006
060000280
000419005
000080079

534678912
672195834
198342567
805961423
400803001
700020006
060000280
000419005
000080079

534678912
672195834
198342567
800067423
400803001
700020006
060000280
000419005
000080079

534678912
672195834
198342567
800567423
400803001
700020006
060000280
000419005
000080079

534678912
672195834
198342567
801567423
400803001
700020006
060000280
000419005
000080079

534678912
672195834
198342567
809567423
400803001
700020006
060000280
000419005
000080079

534678912
672195834
198342567
819567423
400803001
700020006
060000280
000419005
000080079

534678912
672195834
198342567
819567423
400803051
700020006
060000280
000419005
000080079

534678912
672195834
198342567
819567423
400803751
700020006
060000280
000419005
000080079

534678912
672195834
198342567
819567423
400803091
700020006
060000280
000419005
000080079

534678912
672195834
198342567
819567423
400803791
700020006
060000280
000419005
000080079

534678912
672195834
198342567
800967423
400803001
700020006
060000280
000419005
000080079

534678912
672195834
198342567
801967423
400803001
700020006
060000280
000419005
000080079

534678912
672195834
198342567
851967423
400803001
700020006
060000280
000419005
000080079

534678912
672195834
198342567
851967423
400803051
700020006
060000280
000419005
000080079

534678912
672195834
198342567
851967423
400803751
700020006
060000280
000419005
000080079

534678912
672195834
198342567
851967423
400803091
700020006
060000280
000419005
000080079

534678912
672195834
198342567
851967423
400803791
700020006
060000280
000419005
000080079

534678912
672195834
198342567
851967423
400853791
700020006
060000280
000419005
000080079

534678912
672195834
198342567
851967423
406853791
700020006
060000280
000419005
000080079

534678912
672195834
198342567
851967423
426853791
700020006
060000280
000419005
000080079

534678912
672195834
198342567
851967423
426853791
700020056
060000280
000419005
000080079

534678912
672195834
198342567
805967423
400803001
700020006
060000280
000419005
000080079

534678912
672195834
198342567
815967423
400803001
700020006
060000280
000419005
000080079

534678912
672195834
198342567
815967423
400803051
700020006
060000280
000419005
000080079

534678912
672195834
198342567
815967423
400803751
700020006
060000280
000419005
000080079

534678912
672195834
198342567
815967423
400803091
700020006
060000280
000419005
000080079

534678912
672195834
198342567
815967423
400803791
700020006
060000280
000419005
000080079

534678912
672195834
198342567
815967423
400853791
700020006
060000280
000419005
000080079

534678912
672195834
198342567
815967423
406853791
700020006
060000280
000419005
000080079

534678912
672195834
198342567
815967423
426853791
700020006
060000280
000419005
000080079

534678912
672195834
198342567
815967423
426853791
700020056
060000280
000419005
000080079

534678912
672195834
198342567
800060723
400803001
700020006
060000280
000419005
000080079

534678912
672195834
198342567
800061723
400803001
700020006
060000280
000419005
000080079

534678912
672195834
198342567
800561723
400803001
700020006
060000280
000419005
000080079

534678912
672195834
198342567
809561723
400803001
700020006
060000280
000419005
000080079

534678912
672195834
198342567
800961723
400803001
700020006
060000280
000419005
000080079

534678912
672195834
198342567
805961723
400803001
700020006
060000280
000419005
000080079

534678912
672195834
198342567
800064723
400803001
700020006
060000280
000419005
000080079

534678912
672195834
198342567
800564723
400803001
700020006
060000280
000419005
000080079

534678912
672195834
198342567
801564723
400803001
700020006
060000280
000419005
000080079

534678912
672195834
198342567
809564723
400803001
700020006
060000280
000419005
000080079

534678912
672195834
198342567
819564723
400803001
700020006
060000280
000419005
000080079

534678912
672195834
198342567
819564723
400803051
700020006
060000280
000419005
000080079

534678912
672195834
198342567
819564723
400803091
700020006
060000280
000419005
000080079

534678912
672195834
198342567
800964723
400803001
700020006
060000280
000419005
000080079

534678912
672195834
198342567
801964723
400803001
700020006
060000280
000419005
000080079

534678912
672195834
198342567
851964723
400803001
700020006
060000280
000419005
000080079

534678912
672195834
198342567
851964723
400803051
700020006
060000280
000419005
000080079

534678912
672195834
198342567
851964723
400803091
700020006
060000280
000419005
000080079

534678912
672195834
198342567
805964723
400803001
700020006
060000280
000419005
000080079

534678912
672195834
198342567
815964723
400803001
700020006
060000280
000419005
000080079

534678912
672195834
198342567
815964723
400803051
700020006
060000280
000419005
000080079

534678912
672195834
198342567
815964723
400803091
700020006
060000280
000419005
000080079

534678912
672195834
198342567
800060043
400803001
700020006
060000280
000419005
000080079

534678912
672195834
198342567
800060743
400803001
700020006
060000280
000419005
000080079

534678912
672195834
198342567
800061743
400803001
700020006
060000280
000419005
000080079

534678912
672195834
198342567
800561743
400803001
700020006
060000280
000419005
000080079

534678912
672195834
198342567
809561743
400803001
700020006
060000280
000419005
000080079

534678912
672195834
198342567
829561743
400803001
700020006
060000280
000419005
000080079

534678912
672195834
198342567
829561743
400803021
700020006
060000280
000419005
000080079

534678912
672195834
198342567
829561743
400803051
700020006
060000280
000419005
000080079

534678912
672195834
198342567
829561743
400803091
700020006
060000280
000419005
000080079

534678912
672195834
198342567
800961743
400803001
700020006
060000280
000419005
000080079

534678912
672195834
198342567
805961743
400803001
700020006
060000280
000419005
000080079

534678912
672195834
198342567
825961743
400803001
700020006
060000280
000419005
000080079

534678912
672195834
198342567
825961743
400803021
700020006
060000280
000419005
000080079

534678912
672195834
198342567
825961743
400803051
700020006
060000280
000419005
000080079

534678912
672195834
198342567
825961743
400803091
700020006
060000280
000419005
000080079

534678912
672195834
198342567
800060053
400803001
700020006
060000280
000419005
000080079

534678912
672195834
198342567
800060453
400803001
700020006
060000280
000419005
000080079

534678912
672195834
198342567
800061453
400803001
700020006
060000280
000419005
000080079

534678912
672195834
198342567
800761453
400803001
700020006
060000280
000419005
000080079

534678912
672195834
198342567
809761453
400803001
700020006
060000280
000419005
000080079

534678912
672195834
198342567
829761453
400803001
700020006
060000280
000419005
000080079

534678912
672195834
198342567
829761453
400803021
700020006
060000280
000419005
000080079

534678912
672195834
198342567
829761453
400803721
700020006
060000280
000419005
000080079

534678912
672195834
198342567
829761453
400853721
700020006
060000280
000419005
000080079

534678912
672195834
198342567
829761453
406853721
700020006
060000280
000419005
000080079

534678912
672195834
198342567
829761453
400803091
700020006
060000280
000419005
000080079

534678912
672195834
198342567
829761453
400803791
700020006
060000280
000419005
000080079

534678912
672195834
198342567
829761453
400853791
700020006
060000280
000419005
000080079

534678912
672195834
198342567
829761453
406853791
700020006
060000280
000419005
000080079

534678912
672195834
198342567
800961453
400803001
700020006
060000280
000419005
000080079

534678912
672195834
198342567
800067453
400803001
700020006
060000280
000419005
000080079

534678912
672195834
198342567
800967453
400803001
700020006
060000280
000419005
000080079

534678912
672195834
198342567
801967453
400803001
700020006
060000280
000419005
000080079

534678912
672195834
198342567
821967453
400803001
700020006
060000280
000419005
000080079

534678912
672195834
198342567
821967453
400803021
700020006
060000280
000419005
000080079

534678912
672195834
198342567
821967453
400803721
700020006
060000280
000419005
000080079

534678912
672195834
198342567
821967453
400853721
700020006
060000280
000419005
000080079

534678912
672195834
198342567
821967453
406853721
700020006
060000280
000419005
000080079

534678912
672195834
198342567
821967453
409853721
700020006
060000280
000419005
000080079

534678912
672195834
198342567
821967453
400803091
700020006
060000280
000419005
000080079

534678912
672195834
198342567
821967453
400803791
700020006
060000280
000419005
000080079

534678912
672195834
198342567
821967453
400853791
700020006
060000280
000419005
000080079

534678912
672195834
198342567
821967453
406853791
700020006
060000280
000419005
000080079

534678912
672195834
198342567
800060753
400803001
700020006
060000280
000419005
000080079

534678912
672195834
198342567
800061753
400803001
700020006
060000280
000419005
000080079

534678912
672195834
198342567
800961753
400803001
700020006
060000280
000419005
000080079

534678912
672195834
198342567
800064753
400803001
700020006
060000280
000419005
000080079

534678912
672195834
198342567
800964753
400803001
700020006
060000280
000419005
000080079

534678912
672195834
198342567
801964753
400803001
700020006
060000280
000419005
000080079

534678912
672195834
198342567
821964753
400803001
700020006
060000280
000419005
000080079

534678912
672195834
198342567
821964753
400803021
700020006
060000280
000419005
000080079

534678912
672195834
198342567
821964753
400803091
700020006
060000280
000419005
000080079

534678912
672195834
198342567
800060093
400803001
700020006
060000280
000419005
000080079

534678912
672195834
198342567
800060493
400803001
700020006
060000280
000419005
000080079

534678912
672195834
198342567
800061493
400803001
700020006
060000280
000419005
000080079

534678912
672195834
198342567
800561493
400803001
700020006
060000280
000419005
000080079

534678912
672195834
198342567
800761493
400803001
700020006
060000280
000419005
000080079

534678912
672195834
198342567
805761493
400803001
700020006
060000280
000419005
000080079

534678912
672195834
198342567
825761493
400803001
700020006
060000280
000419005
000080079

534678912
672195834
198342567
825761493
400803021
700020006
060000280
000419005
000080079

534678912
672195834
198342567
825761493
400803721
700020006
060000280
000419005
000080079

534678912
672195834
198342567
825761493
400853721
700020006
060000280
000419005
000080079

534678912
672195834
198342567
825761493
406853721
700020006
060000280
000419005
000080079

534678912
672195834
198342567
825761493
409853721
700020006
060000280
000419005
000080079

534678912
672195834
198342567
825761493
400803051
700020006
060000280
000419005
000080079

534678912
672195834
198342567
825761493
400803751
700020006
060000280
000419005
000080079

534678912
672195834
198342567
800067493
400803001
700020006
060000280
000419005
000080079

534678912
672195834
198342567
800567493
400803001
700020006
060000280
000419005
000080079

534678912
672195834
198342567
801567493
400803001
700020006
060000280
000419005
000080079

534678912
672195834
198342567
821567493
400803001
700020006
060000280
000419005
000080079

534678912
672195834
198342567
821567493
400803021
700020006
060000280
000419005
000080079

534678912
672195834
198342567
821567493
400803721
700020006
060000280
000419005
000080079

534678912
672195834
198342567
821567493
400803051
700020006
060000280
000419005
000080079

534678912
672195834
198342567
821567493
400803751
700020006
060000280
000419005
000080079

534678912
672195834
198342567
800060793
400803001
700020006
060000280
000419005
000080079

534678912
672195834
198342567
800061793
400803001
700020006
060000280
000419005
000080079

534678912
672195834
198342567
800561793
400803001
700020006
060000280
000419005
000080079

534678912
672195834
198342567
800064793
400803001
700020006
060000280
000419005
000080079

534678912
672195834
198342567
800564793
400803001
700020006
060000280
000419005
000080079

534678912
672195834
198342567
801564793
400803001
700020006
060000280
000419005
000080079

534678912
672195834
198342567
821564793
400803001
700020006
060000280
000419005
000080079

534678912
672195834
198342567
821564793
400803021
700020006
060000280
000419005
000080079

534678912
672195834
198342567
821564793
400803051
700020006
060000280
000419005
000080079

534678912
672195834
098004567
800060003
400803001
700020006
060000280
000419005
000080079

534678912
672195834
098034567
800060003
400803001
700020006
060000280
000419005
000080079

534678912
672195834
098234567
800060003
400803001
700020006
060000280
000419005
000080079

534678912
672195834
198234567
800060003
400803001
700020006
060000280
000419005
000080079

534678912
672195834
198234567
800060023
400803001
700020006
060000280
000419005
000080079

534678912
672195834
198234567
800060423
400803001
700020006
060000280
000419005
000080079

534678912
672195834
198234567
800061423
400803001
700020006
060000280
000419005
000080079

534678912
672195834
198234567
800561423
400803001
700020006
060000280
000419005
000080079

534678912
672195834
198234567
809561423
400803001
700020006
060000280
000419005
000080079

534678912
672195834
198234567
800761423
400803001
700020006
060000280
000419005
000080079

534678912
672195834
198234567
805761423
400803001
700020006
060000280
000419005
000080079

534678912
672195834
198234567
809761423
400803001
700020006
060000280
000419005
000080079

534678912
672195834
198234567
859761423
400803001
700020006
060000280
000419005
000080079

534678912
672195834
198234567
859761423
400803051
700020006
060000280
000419005
000080079

534678912
672195834
198234567
859761423
400803751
700020006
060000280
000419005
000080079

534678912
672195834
198234567
859761423
400803091
700020006
060000280
000419005
000080079

534678912
672195834
198234567
859761423
400803791
700020006
060000280
000419005
000080079

534678912
672195834
198234567
859761423
400853791
700020006
060000280
000419005
000080079

534678912
672195834
198234567
859761423
406853791
700020006
060000280
000419005
000080079

534678912
672195834
198234567
859761423
426853791
700020006
060000280
000419005
000080079

534678912
672195834
198234567
859761423
426853791
700020056
060000280
000419005
000080079

534678912
672195834
198234567
800961423
400803001
700020006
060000280
000419005
000080079

534678912
672195834
198234567
805961423
400803001
700020006
060000280
000419005
000080079

534678912
672195834
198234567
800067423
400803001
700020006
060000280
000419005
000080079

534678912
672195834
198234567
800567423
400803001
700020006
060000280
000419005
000080079

534678912
672195834
198234567
801567423
400803001
700020006
060000280
000419005
000080079

534678912
672195834
198234567
809567423
400803001
700020006
060000280
000419005
000080079

534678912
672195834
198234567
819567423
400803001
700020006
060000280
000419005
000080079

534678912
672195834
198234567
819567423
400803051
700020006
060000280
000419005
000080079

534678912
672195834
198234567
819567423
400803751
700020006
060000280
000419005
000080079

534678912
672195834
198234567
819567423
400803091
700020006
060000280
000419005
000080079

534678912
672195834
198234567
819567423
400803791
700020006
060000280
000419005
000080079

534678912
672195834
198234567
800967423
400803001
700020006
060000280
000419005
000080079

534678912
672195834
198234567
801967423
400803001
700020006
060000280
000419005
000080079

534678912
672195834
198234567
851967423
400803001
700020006
060000280
000419005
000080079

534678912
672195834
198234567
851967423
400803051
700020006
060000280
000419005
000080079

534678912
672195834
198234567
851967423
400803751
700020006
060000280
000419005
000080079

534678912
672195834
198234567
851967423
400803091
700020006
060000280
000419005
000080079

534678912
672195834
198234567
851967423
400803791
700020006
060000280
000419005
000080079

534678912
672195834
198234567
851967423
400853791
700020006
060000280
000419005
000080079

534678912
672195834
198234567
851967423
406853791
700020006
060000280
000419005
000080079

534678912
672195834
198234567
851967423
426853791
700020006
060000280
000419005
000080079

534678912
672195834
198234567
851967423
426853791
700020056
060000280
000419005
000080079

534678912
672195834
198234567
805967423
400803001
700020006
060000280
000419005
000080079

534678912
672195834
198234567
815967423
400803001
700020006
060000280
000419005
000080079

534678912
672195834
198234567
815967423
400803051
700020006
060000280
000419005
000080079

534678912
672195834
198234567
815967423
400803751
700020006
060000280
000419005
000080079

534678912
672195834
198234567
815967423
400803091
700020006
060000280
000419005
000080079

534678912
672195834
198234567
815967423
400803791
700020006
060000280
000419005
000080079

534678912
672195834
198234567
815967423
400853791
700020006
060000280
000419005
000080079

534678912
672195834
198234567
815967423
406853791
700020006
060000280
000419005
000080079

534678912
672195834
198234567
815967423
426853791
700020006
060000280
000419005
000080079

534678912
672195834
198234567
815967423
426853791
700020056
060000280
000419005
000080079

534678912
672195834
198234567
800060723
400803001
700020006
060000280
000419005
000080079

534678912
672195834
198234567
800061723
400803001
700020006
060000280
000419005
000080079

534678912
672195834
198234567
800561723
400803001
700020006
060000280
000419005
000080079

534678912
672195834
198234567
809561723
400803001
700020006
060000280
000419005
000080079

534678912
672195834
198234567
800961723
400803001
700020006
060000280
000419005
000080079

534678912
672195834
198234567
805961723
400803001
700020006
060000280
000419005
000080079

534678912
672195834
198234567
800060043
400803001
700020006
060000280
000419005
000080079

534678912
672195834
198234567
800060743
400803001
700020006
060000280
000419005
000080079

534678912
672195834
198234567
800061743
400803001
700020006
060000280
000419005
000080079

534678912
672195834
198234567
800561743
400803001
700020006
060000280
000419005
000080079

534678912
672195834
198234567
809561743
400803001
700020006
060000280
000419005
000080079

534678912
672195834
198234567
829561743
400803001
700020006
060000280
000419005
000080079

534678912
672195834
198234567
829561743
400803021
700020006
060000280
000419005
000080079

534678912
672195834
198234567
829561743
400803051
700020006
060000280
000419005
000080079

534678912
672195834
198234567
829561743
400803091
700020006
060000280
000419005
000080079

534678912
672195834
198234567
800961743
400803001
700020006
060000280
000419005
000080079

534678912
672195834
198234567
805961743
400803001
700020006
060000280
000419005
000080079

534678912
672195834
198234567
825961743
400803001
700020006
060000280
000419005
000080079

534678912
672195834
198234567
825961743
400803021
700020006
060000280
000419005
000080079

534678912
672195834
198234567
825961743
400803051
700020006
060000280
000419005
000080079

534678912
672195834
198234567
825961743
400803091
700020006
060000280
000419005
000080079

534678912
672195834
198234567
800060053
400803001
700020006
060000280
000419005
000080079

534678912
672195834
198234567
800060453
400803001
700020006
060000280
000419005
000080079

534678912
672195834
198234567
800061453
400803001
700020006
060000280
000419005
000080079

534678912
672195834
198234567
800761453
400803001
700020006
060000280
000419005
000080079

534678912
672195834
198234567
809761453
400803001
700020006
060000280
000419005
000080079

534678912
672195834
198234567
829761453
400803001
700020006
060000280
000419005
000080079

534678912
672195834
198234567
829761453
400803021
700020006
060000280
000419005
000080079

534678912
672195834
198234567
829761453
400803721
700020006
060000280
000419005
000080079

534678912
672195834
198234567
829761453
400853721
700020006
060000280
000419005
000080079

534678912
672195834
198234567
829761453
406853721
700020006
060000280
000419005
000080079

534678912
672195834
198234567
829761453
400803091
700020006
060000280
000419005
000080079

534678912
672195834
198234567
829761453
400803791
700020006
060000280
000419005
000080079

534678912
672195834
198234567
829761453
400853791
700020006
060000280
000419005
000080079

534678912
672195834
198234567
829761453
406853791
700020006
060000280
000419005
000080079

534678912
672195834
198234567
800961453
400803001
700020006
060000280
000419005
000080079

534678912
672195834
198234567
800067453
400803001
700020006
060000280
000419005
000080079

534678912
672195834
198234567
800967453
400803001
700020006
060000280
000419005
000080079

534678912
672195834
198234567
801967453
400803001
700020006
060000280
000419005
000080079

534678912
672195834
198234567
821967453
400803001
700020006
060000280
000419005
000080079

534678912
672195834
198234567
821967453
400803021
700020006
060000280
000419005
000080079

534678912
672195834
198234567
821967453
400803721
700020006
060000280
000419005
000080079

534678912
672195834
198234567
821967453
400853721
700020006
060000280
000419005
000080079

534678912
672195834
198234567
821967453
406853721
700020006
060000280
000419005
000080079

534678912
672195834
198234567
821967453
409853721
700020006
060000280
000419005
000080079

534678912
672195834
198234567
821967453
400803091
700020006
060000280
000419005
000080079

534678912
672195834
198234567
821967453
400803791
700020006
060000280
000419005
000080079

534678912
672195834
198234567
821967453
400853791
700020006
060000280
000419005
000080079

534678912
672195834
198234567
821967453
406853791
700020006
060000280
000419005
000080079

534678912
672195834
198234567
800060753
400803001
700020006
060000280
000419005
000080079

534678912
672195834
198234567
800061753
400803001
700020006
060000280
000419005
000080079

534678912
672195834
198234567
800961753
400803001
700020006
060000280
000419005
000080079

534678912
672195834
198234567
800060093
400803001
700020006
060000280
000419005
000080079

534678912
672195834
198234567
800060493
400803001
700020006
060000280
000419005
000080079

534678912
672195834
198234567
800061493
400803001
700020006
060000280
000419005
000080079

534678912
672195834
198234567
800561493
400803001
700020006
060000280
000419005
000080079

534678912
672195834
198234567
800761493
400803001
700020006
060000280
000419005
000080079

534678912
672195834
198234567
805761493
400803001
700020006
060000280
000419005
000080079

534678912
672195834
198234567
825761493
400803001
700020006
060000280
000419005
000080079

534678912
672195834
198234567
825761493
400803021
700020006
060000280
000419005
000080079

534678912
672195834
198234567
825761493
400803721
700020006
060000280
000419005
000080079

534678912
672195834
198234567
825761493
400853721
700020006
060000280
000419005
000080079

534678912
672195834
198234567
825761493
406853721
700020006
060000280
000419005
000080079

534678912
672195834
198234567
825761493
409853721
700020006
060000280
000419005
000080079

534678912
672195834
198234567
825761493
400803051
700020006
060000280
000419005
000080079

534678912
672195834
198234567
825761493
400803751
700020006
060000280
000419005
000080079

534678912
672195834
198234567
800067493
400803001
700020006
060000280
000419005
000080079

534678912
672195834
198234567
800567493
400803001
700020006
060000280
000419005
000080079

534678912
672195834
198234567
801567493
400803001
700020006
060000280
000419005
000080079

534678912
672195834
198234567
821567493
400803001
700020006
060000280
000419005
000080079

534678912
672195834
198234567
821567493
400803021
700020006
060000280
000419005
000080079

534678912
672195834
198234567
821567493
400803721
700020006
060000280
000419005
000080079

534678912
672195834
198234567
821567493
400803051
700020006
060000280
000419005
000080079

534678912
672195834
198234567
821567493
400803751
700020006
060000280
000419005
000080079

534678912
672195834
198234567
800060793
400803001
700020006
060000280
000419005
000080079

534678912
672195834
198234567
800061793
400803001
700020006
060000280
000419005
000080079

534678912
672195834
198234567
800561793
400803001
700020006
060000280
000419005
000080079

534678912
607195834
098000060
800060003
400803001
700020006
060000280
000419005
000080079

534678912
627195834
098000060
800060003
400803001
700020006
060000280
000419005
000080079

534678912
627195834
098000067
800060003
400803001
700020006
060000280
000419005
000080079

534678912
627195834
098000567
800060003
400803001
700020006
060000280
000419005
000080079

534678912
627195834
098002567
800060003
400803001
700020006
060000280
000419005
000080079

534678912
627195834
098032567
800060003
400803001
700020006
060000280
000419005
000080079

534678912
627195834
098042567
800060003
400803001
700020006
060000280
000419005
000080079

534678912
627195834
098342567
800060003
400803001
700020006
060000280
000419005
000080079

534678912
627195834
198342567
800060003
400803001
700020006
060000280
000419005
000080079

534678912
627195834
198342567
800060023
400803001
700020006
060000280
000419005
000080079

534678912
627195834
198342567
800060423
400803001
700020006
060000280
000419005
000080079

534678912
627195834
198342567
800061423
400803001
700020006
060000280
000419005
000080079

534678912
627195834
198342567
800561423
400803001
700020006
060000280
000419005
000080079

534678912
627195834
198342567
809561423
400803001
700020006
060000280
000419005
000080079

534678912
627195834
198342567
800761423
400803001
700020006
060000280
000419005
000080079

534678912
627195834
198342567
805761423
400803001
700020006
060000280
000419005
000080079

534678912
627195834
198342567
809761423
400803001
700020006
060000280
000419005
000080079

534678912
627195834
198342567
859761423
400803001
700020006
060000280
000419005
000080079

534678912
627195834
198342567
859761423
400803051
700020006
060000280
000419005
000080079

534678912
627195834
198342567
859761423
400803751
700020006
060000280
000419005
000080079

534678912
627195834
198342567
859761423
400803091
700020006
060000280
000419005
000080079

534678912
627195834
198342567
859761423
400803791
700020006
060000280
000419005
000080079

534678912
627195834
198342567
859761423
400853791
700020006
060000280
000419005
000080079

534678912
627195834
198342567
859761423
402853791
700020006
060000280
000419005
000080079

534678912
627195834
198342567
859761423
406853791
700020006
060000280
000419005
000080079

534678912
627195834
198342567
800961423
400803001
700020006
060000280
000419005
000080079

534678912
627195834
198342567
805961423
400803001
700020006
060000280
000419005
000080079

534678912
627195834
198342567
800067423
400803001
700020006
060000280
000419005
000080079

534678912
627195834
198342567
800567423
400803001
700020006
060000280
000419005
000080079

534678912
627195834
198342567
801567423
400803001
700020006
060000280
000419005
000080079

534678912
627195834
198342567
809567423
400803001
700020006
060000280
000419005
000080079

534678912
627195834
198342567
819567423
400803001
700020006
060000280
000419005
000080079

534678912
627195834
198342567
819567423
400803051
700020006
060000280
000419005
000080079

534678912
627195834
198342567
819567423
400803751
700020006
060000280
000419005
000080079

534678912
627195834
198342567
819567423
400803091
700020006
060000280
000419005
000080079

534678912
627195834
198342567
819567423
400803791
700020006
060000280
000419005
000080079

534678912
627195834
198342567
800967423
400803001
700020006
060000280
000419005
000080079

534678912
627195834
198342567
801967423
400803001
700020006
060000280
000419005
000080079

534678912
627195834
198342567
851967423
400803001
700020006
060000280
000419005
000080079

534678912
627195834
198342567
851967423
400803051
700020006
060000280
000419005
000080079

534678912
627195834
198342567
851967423
400803751
700020006
060000280
000419005
000080079

534678912
627195834
198342567
851967423
400803091
700020006
060000280
000419005
000080079

534678912
627195834
198342567
851967423
400803791
700020006
060000280
000419005
000080079

534678912
627195834
198342567
851967423
400853791
700020006
060000280
000419005
000080079

534678912
627195834
198342567
851967423
402853791
700020006
060000280
000419005
000080079

534678912
627195834
198342567
851967423
406853791
700020006
060000280
000419005
000080079

534678912
627195834
198342567
805967423
400803001
700020006
060000280
000419005
000080079

534678912
627195834
198342567
815967423
400803001
700020006
060000280
000419005
000080079

534678912
627195834
198342567
815967423
400803051
700020006
060000280
000419005
000080079

534678912
627195834
198342567
815967423
400803751
700020006
060000280
000419005
000080079

534678912
627195834
198342567
815967423
400803091
700020006
060000280
000419005
000080079

534678912
627195834
198342567
815967423
400803791
700020006
060000280
000419005
000080079

534678912
627195834
198342567
815967423
400853791
700020006
060000280
000419005
000080079

534678912
627195834
198342567
815967423
402853791
700020006
060000280
000419005
000080079

534678912
627195834
198342567
815967423
406853791
700020006
060000280
000419005
000080079

534678912
627195834
198342567
800060723
400803001
700020006
060000280
000419005
000080079

534678912
627195834
198342567
800061723
400803001
700020006
060000280
000419005
000080079

534678912
627195834
198342567
800561723
400803001
700020006
060000280
000419005
000080079

534678912
627195834
198342567
809561723
400803001
700020006
060000280
000419005
000080079

534678912
627195834
198342567
800961723
400803001
700020006
060000280
000419005
000080079

534678912
627195834
198342567
805961723
400803001
700020006
060000280
000419005
000080079

534678912
627195834
198342567
800064723
400803001
700020006
060000280
000419005
000080079

534678912
627195834
198342567
800564723
400803001
700020006
060000280
000419005
000080079

534678912
627195834
198342567
801564723
400803001
700020006
060000280
000419005
000080079

534678912
627195834
198342567
809564723
400803001
700020006
060000280
000419005
000080079

534678912
627195834
198342567
819564723
400803001
700020006
060000280
000419005
000080079

534678912
627195834
198342567
819564723
400803051
700020006
060000280
000419005
000080079

534678912
627195834
198342567
819564723
400803091
700020006
060000280
000419005
000080079

534678912
627195834
198342567
800964723
400803001
700020006
060000280
000419005
000080079

534678912
627195834
198342567
801964723
400803001
700020006
060000280
000419005
000080079

534678912
627195834
198342567
851964723
400803001
700020006
060000280
000419005
000080079

534678912
627195834
198342567
851964723
400803051
700020006
060000280
000419005
000080079

534678912
627195834
198342567
851964723
400803091
700020006
060000280
000419005
000080079

534678912
627195834
198342567
805964723
400803001
700020006
060000280
000419005
000080079

534678912
627195834
198342567
815964723
400803001
700020006
060000280
000419005
000080079

534678912
627195834
198342567
815964723
400803051
700020006
060000280
000419005
000080079

534678912
627195834
198342567
815964723
400803091
700020006
060000280
000419005
000080079

534678912
627195834
198342567
800060043
400803001
700020006
060000280
000419005
000080079

534678912
627195834
198342567
800060743
400803001
700020006
060000280
000419005
000080079

534678912
627195834
198342567
800061743
400803001
700020006
060000280
000419005
000080079

534678912
627195834
198342567
800561743
400803001
700020006
060000280
000419005
000080079

534678912
627195834
198342567
802561743
400803001
700020006
060000280
000419005
000080079

534678912
627195834
198342567
809561743
400803001
700020006
060000280
000419005
000080079

534678912
627195834
198342567
800961743
400803001
700020006
060000280
000419005
000080079

534678912
627195834
198342567
802961743
400803001
700020006
060000280
000419005
000080079

534678912
627195834
198342567
852961743
400803001
700020006
060000280
000419005
000080079

534678912
627195834
198342567
852961743
400803021
700020006
060000280
000419005
000080079

534678912
627195834
198342567
852961743
400803051
700020006
060000280
000419005
000080079

534678912
627195834
198342567
852961743
400803091
700020006
060000280
000419005
000080079

534678912
627195834
198342567
805961743
400803001
700020006
060000280
000419005
000080079

534678912
627195834
198342567
800060053
400803001
700020006
060000280
000419005
000080079

534678912
627195834
198342567
800060453
400803001
700020006
060000280
000419005
000080079

534678912
627195834
198342567
800061453
400803001
700020006
060000280
000419005
000080079

534678912
627195834
198342567
800761453
400803001
700020006
060000280
000419005
000080079

534678912
627195834
198342567
802761453
400803001
700020006
060000280
000419005
000080079

534678912
627195834
198342567
809761453
400803001
700020006
060000280
000419005
000080079

534678912
627195834
198342567
800961453
400803001
700020006
060000280
000419005
000080079

534678912
627195834
198342567
802961453
400803001
700020006
060000280
000419005
000080079

534678912
627195834
198342567
800067453
400803001
700020006
060000280
000419005
000080079

534678912
627195834
198342567
800967453
400803001
700020006
060000280
000419005
000080079

534678912
627195834
198342567
801967453
400803001
700020006
060000280
000419005
000080079

534678912
627195834
198342567
802967453
400803001
700020006
060000280
000419005
000080079

534678912
627195834
198342567
812967453
400803001
700020006
060000280
000419005
000080079

534678912
627195834
198342567
812967453
400803021
700020006
060000280
000419005
000080079

534678912
627195834
198342567
812967453
400803721
700020006
060000280
000419005
000080079

534678912
627195834
198342567
812967453
400853721
700020006
060000280
000419005
000080079

534678912
627195834
198342567
812967453
406853721
700020006
060000280
000419005
000080079

534678912
627195834
198342567
812967453
409853721
700020006
060000280
000419005
000080079

534678912
627195834
198342567
812967453
400803091
700020006
060000280
000419005
000080079

534678912
627195834
198342567
812967453
400803791
700020006
060000280
000419005
000080079

534678912
627195834
198342567
812967453
400853791
700020006
060000280
000419005
000080079

534678912
627195834
198342567
812967453
406853791
700020006
060000280
000419005
000080079

534678912
627195834
198342567
800060753
400803001
700020006
060000280
000419005
000080079

534678912
627195834
198342567
800061753
400803001
700020006
060000280
000419005
000080079

534678912
627195834
198342567
800961753
400803001
700020006
060000280
000419005
000080079

534678912
627195834
198342567
802961753
400803001
700020006
060000280
000419005
000080079

534678912
627195834
198342567
800064753
400803001
700020006
060000280
000419005
000080079

534678912
627195834
198342567
800964753
400803001
700020006
060000280
000419005
000080079

534678912
627195834
198342567
801964753
400803001
700020006
060000280
000419005
000080079

534678912
627195834
198342567
802964753
400803001
700020006
060000280
000419005
000080079

534678912
627195834
198342567
812964753
400803001
700020006
060000280
000419005
000080079

534678912
627195834
198342567
812964753
400803021
700020006
060000280
000419005
000080079

534678912
627195834
198342567
812964753
400803091
700020006
060000280
000419005
000080079

534678912
627195834
198342567
800060093
400803001
700020006
060000280
000419005
000080079

534678912
627195834
198342567
800060493
400803001
700020006
060000280
000419005
000080079

534678912
627195834
198342567
800061493
400803001
700020006
060000280
000419005
000080079

534678912
627195834
198342567
800561493
400803001
700020006
060000280
000419005
000080079

534678912
627195834
198342567
802561493
400803001
700020006
060000280
000419005
000080079

534678912
627195834
198342567
800761493
400803001
700020006
060000280
000419005
000080079

534678912
627195834
198342567
802761493
400803001
700020006
060000280
000419005
000080079

534678912
627195834
198342567
852761493
400803001
700020006
060000280
000419005
000080079

534678912
627195834
198342567
852761493
400803021
700020006
060000280
000419005
000080079

534678912
627195834
198342567
852761493
400803721
700020006
060000280
000419005
000080079

534678912
627195834
198342567
852761493
400853721
700020006
060000280
000419005
000080079

534678912
627195834
198342567
852761493
406853721
700020006
060000280
000419005
000080079

534678912
627195834
198342567
852761493
409853721
700020006
060000280
000419005
000080079

534678912
627195834
198342567
852761493
400803051
700020006
060000280
000419005
000080079

534678912
627195834
198342567
852761493
400803751
700020006
060000280
000419005
000080079

534678912
627195834
198342567
805761493
400803001
700020006
060000280
000419005
000080079

534678912
627195834
198342567
800067493
400803001
700020006
060000280
000419005
000080079

534678912
627195834
198342567
800567493
400803001
700020006
060000280
000419005
000080079

534678912
627195834
198342567
801567493
400803001
700020006
060000280
000419005
000080079

534678912
627195834
198342567
802567493
400803001
700020006
060000280
000419005
000080079

534678912
627195834
198342567
812567493
400803001
700020006
060000280
000419005
000080079

534678912
627195834
198342567
812567493
400803021
700020006
060000280
000419005
000080079

534678912
627195834
198342567
812567493
400803721
700020006
060000280
000419005
000080079

534678912
627195834
198342567
812567493
400803051
700020006
060000280
000419005
000080079

534678912
627195834
198342567
812567493
400803751
700020006
060000280
000419005
000080079

534678912
627195834
198342567
800060793
400803001
700020006
060000280
000419005
000080079

534678912
627195834
198342567
800061793
400803001
700020006
060000280
000419005
000080079

534678912
627195834
198342567
800561793
400803001
700020006
060000280
000419005
000080079

534678912
627195834
198342567
802561793
400803001
700020006
060000280
000419005
000080079

534678912
627195834
198342567
800064793
400803001
700020006
060000280
000419005
000080079

534678912
627195834
198342567
800564793
400803001
700020006
060000280
000419005
000080079

534678912
627195834
198342567
801564793
400803001
700020006
060000280
000419005
000080079

534678912
627195834
198342567
802564793
400803001
700020006
060000280
000419005
000080079

534678912
627195834
198342567
812564793
400803001
700020006
060000280
000419005
000080079

534678912
627195834
198342567
812564793
400803021
700020006
060000280
000419005
000080079

534678912
627195834
198342567
812564793
400803051
700020006
060000280
000419005
000080079

534678912
627195834
098004567
800060003
400803001
700020006
060000280
000419005
000080079

534678912
627195834
098034567
800060003
400803001
700020006
060000280
000419005
000080079

534678912
627195834
098234567
800060003
400803001
700020006
060000280
000419005
000080079

534678912
627195834
198234567
800060003
400803001
700020006
060000280
000419005
000080079

534678912
627195834
198234567
800060023
400803001
700020006
060000280
000419005
000080079

534678912
627195834
198234567
800060423
400803001
700020006
060000280
000419005
000080079

534678912
627195834
198234567
800061423
400803001
700020006
060000280
000419005
000080079

534678912
627195834
198234567
800561423
400803001
700020006
060000280
000419005
000080079

534678912
627195834
198234567
809561423
400803001
700020006
060000280
000419005
000080079

534678912
627195834
198234567
800761423
400803001
700020006
060000280
000419005
000080079

534678912
627195834
198234567
805761423
400803001
700020006
060000280
000419005
000080079

534678912
627195834
198234567
809761423
400803001
700020006
060000280
000419005
000080079

534678912
627195834
198234567
859761423
400803001
700020006
060000280
000419005
000080079

534678912
627195834
198234567
859761423
400803051
700020006
060000280
000419005
000080079

534678912
627195834
198234567
859761423
400803751
700020006
060000280
000419005
000080079

534678912
627195834
198234567
859761423
400803091
700020006
060000280
000419005
000080079

534678912
627195834
198234567
859761423
400803791
700020006
060000280
000419005
000080079

534678912
627195834
198234567
859761423
400853791
700020006
060000280
000419005
000080079

534678912
627195834
198234567
859761423
402853791
700020006
060000280
000419005
000080079

534678912
627195834
198234567
859761423
406853791
700020006
060000280
000419005
000080079

534678912
627195834
198234567
800961423
400803001
700020006
060000280
000419005
000080079

534678912
627195834
198234567
805961423
400803001
700020006
060000280
000419005
000080079

534678912
627195834
198234567
800067423
400803001
700020006
060000280
000419005
000080079

534678912
627195834
198234567
800567423
400803001
700020006
060000280
000419005
000080079

534678912
627195834
198234567
801567423
400803001
700020006
060000280
000419005
000080079

534678912
627195834
198234567
809567423
400803001
700020006
060000280
000419005
000080079

534678912
627195834
198234567
819567423
400803001
700020006
060000280
000419005
000080079

534678912
627195834
198234567
819567423
400803051
700020006
060000280
000419005
000080079

534678912
627195834
198234567
819567423
400803751
700020006
060000280
000419005
000080079

534678912
627195834
198234567
819567423
400803091
700020006
060000280
000419005
000080079

534678912
627195834
198234567
819567423
400803791
700020006
060000280
000419005
000080079

534678912
627195834
198234567
800967423
400803001
700020006
060000280
000419005
000080079

534678912
627195834
198234567
801967423
400803001
700020006
060000280
000419005
000080079

534678912
627195834
198234567
851967423
400803001
700020006
060000280
000419005
000080079

534678912
627195834
198234567
851967423
400803051
700020006
060000280
000419005
000080079

534678912
627195834
198234567
851967423
400803751
700020006
060000280
000419005
000080079

534678912
627195834
198234567
851967423
400803091
700020006
060000280
000419005
000080079

534678912
627195834
198234567
851967423
400803791
700020006
060000280
000419005
000080079

534678912
627195834
198234567
851967423
400853791
700020006
060000280
000419005
000080079

534678912
627195834
198234567
851967423
402853791
700020006
060000280
000419005
000080079

534678912
627195834
198234567
851967423
406853791
700020006
060000280
000419005
000080079

534678912
627195834
198234567
805967423
400803001
700020006
060000280
000419005
000080079

534678912
627195834
198234567
815967423
400803001
700020006
060000280
000419005
000080079

534678912
627195834
198234567
815967423
400803051
700020006
060000280
000419005
000080079

534678912
627195834
198234567
815967423
400803751
700020006
060000280
000419005
000080079

534678912
627195834
198234567
815967423
400803091
700020006
060000280
000419005
000080079

534678912
627195834
198234567
815967423
400803791
700020006
060000280
000419005
000080079

534678912
627195834
198234567
815967423
400853791
700020006
060000280
000419005
000080079

534678912
627195834
198234567
815967423
402853791
700020006
060000280
000419005
000080079

534678912
627195834
198234567
815967423
406853791
700020006
060000280
000419005
000080079

534678912
627195834
198234567
800060723
400803001
700020006
060000280
000419005
000080079

534678912
627195834
198234567
800061723
400803001
700020006
060000280
000419005
000080079

534678912
627195834
198234567
800561723
400803001
700020006
060000280
000419005
000080079

534678912
627195834
198234567
809561723
400803001
700020006
060000280
000419005
000080079

534678912
627195834
198234567
800961723
400803001
700020006
060000280
000419005
000080079

534678912
627195834
198234567
805961723
400803001
700020006
060000280
000419005
000080079

534678912
627195834
198234567
800060043
400803001
700020006
060000280
000419005
000080079

534678912
627195834
198234567
800060743
400803001
700020006
060000280
000419005
000080079

534678912
627195834
198234567
800061743
400803001
700020006
060000280
000419005
000080079

534678912
627195834
198234567
800561743
400803001
700020006
060000280
000419005
000080079

534678912
627195834
198234567
802561743
400803001
700020006
060000280
000419005
000080079

534678912
627195834
198234567
809561743
400803001
700020006
060000280
000419005
000080079

534678912
627195834
198234567
800961743
400803001
700020006
060000280
000419005
000080079

534678912
627195834
198234567
802961743
400803001
700020006
060000280
000419005
000080079

534678912
627195834
198234567
852961743
400803001
700020006
060000280
000419005
000080079

534678912
627195834
198234567
852961743
400803021
700020006
060000280
000419005
000080079

534678912
627195834
198234567
852961743
400803051
700020006
060000280
000419005
000080079

534678912
627195834
198234567
852961743
400803091
700020006
060000280
000419005
000080079

534678912
627195834
198234567
805961743
400803001
700020006
060000280
000419005
000080079

534678912
627195834
198234567
800060053
400803001
700020006
060000280
000419005
000080079

534678912
627195834
198234567
800060453
400803001
700020006
060000280
000419005
000080079

534678912
627195834
198234567
800061453
400803001
700020006
060000280
000419005
000080079

534678912
627195834
198234567
800761453
400803001
700020006
060000280
000419005
000080079

534678912
627195834
198234567
802761453
400803001
700020006
060000280
000419005
000080079

534678912
627195834
198234567
809761453
400803001
700020006
060000280
000419005
000080079

