531070000
600195000
098000060
800060003
400803001
700020006
060000280
000419005
000080079

531270000
600195000
098000060
800060003
400803001
700020006
060000280
000419005
000080079

531274000
600195000
098000060
800060003
400803001
700020006
060000280
000419005
000080079

531274800
600195000
098000060
800060003
400803001
700020006
060000280
000419005
000080079

531274890
600195000
098000060
800060003
400803001
700020006
060000280
000419005
000080079

531274900
600195000
098000060
800060003
400803001
700020006
060000280
000419005
000080079

531276000
600195000
098000060
800060003
400803001
700020006
060000280
000419005
000080079

531276400
600195000
098000060
800060003
400803001
700020006
060000280
000419005
000080079

531276490
600195000
098000060
800060003
400803001
700020006
060000280
000419005
000080079

531276498
600195000
098000060
800060003
400803001
700020006
060000280
000419005
000080079

531276498
620195000
098000060
800060003
400803001
700020006
060000280
000419005
000080079

531276498
624195000
098000060
800060003
400803001
700020006
060000280
000419005
000080079

531276498
624195300
098000060
800060003
400803001
700020006
060000280
000419005
000080079

531276498
624195700
098000060
800060003
400803001
700020006
060000280
000419005
000080079

531276498
624195730
098000060
800060003
400803001
700020006
060000280
000419005
000080079

531276498
627195000
098000060
800060003
400803001
700020006
060000280
000419005
000080079

531276498
627195300
098000060
800060003
400803001
700020006
060000280
000419005
000080079

531276498
640195000
098000060
800060003
400803001
700020006
060000280
000419005
000080079

531276498
642195000
098000060
800060003
400803001
700020006
060000280
000419005
000080079

531276498
642195300
098000060
800060003
400803001
700020006
060000280
000419005
000080079

531276498
642195700
098000060
800060003
400803001
700020006
060000280
000419005
000080079

531276498
642195730
098000060
800060003
400803001
700020006
060000280
000419005
000080079

531276498
647195000
098000060
800060003
400803001
700020006
060000280
000419005
000080079

531276498
647195300
098000060
800060003
400803001
700020006
060000280
000419005
000080079

531276498
647195320
098000060
800060003
400803001
700020006
060000280
000419005
000080079

531276498
670195000
098000060
800060003
400803001
700020006
060000280
000419005
000080079

531276498
672195000
098000060
800060003
400803001
700020006
060000280
000419005
000080079

531276498
672195300
098000060
800060003
400803001
700020006
060000280
000419005
000080079

531276498
674195000
098000060
800060003
400803001
700020006
060000280
000419005
000080079

531276498
674195300
098000060
800060003
400803001
700020006
060000280
000419005
000080079

531276498
674195320
098000060
800060003
400803001
700020006
060000280
000419005
000080079

531276800
600195000
098000060
800060003
400803001
700020006
060000280
000419005
000080079

531276840
600195000
098000060
800060003
400803001
700020006
060000280
000419005
000080079

531276890
600195000
098000060
800060003
400803001
700020006
060000280
000419005
000080079

531276894
600195000
098000060
800060003
400803001
700020006
060000280
000419005
000080079

531276894
620195000
098000060
800060003
400803001
700020006
060000280
000419005
000080079

531276894
624195000
098000060
800060003
400803001
700020006
060000280
000419005
000080079

531276894
624195300
098000060
800060003
400803001
700020006
060000280
000419005
000080079

531276894
624195700
098000060
800060003
400803001
700020006
060000280
000419005
000080079

531276894
624195730
098000060
800060003
400803001
700020006
060000280
000419005
000080079

531276894
627195000
098000060
800060003
400803001
700020006
060000280
000419005
000080079

531276894
627195300
098000060
800060003
400803001
700020006
060000280
000419005
000080079

531276894
640195000
098000060
800060003
400803001
700020006
060000280
000419005
000080079

531276894
642195000
098000060
800060003
400803001
700020006
060000280
000419005
000080079

531276894
642195300
098000060
800060003
400803001
700020006
060000280
000419005
000080079

531276894
642195700
098000060
800060003
400803001
700020006
060000280
000419005
000080079

531276894
642195730
098000060
800060003
400803001
700020006
060000280
000419005
000080079

531276894
647195000
098000060
800060003
400803001
700020006
060000280
000419005
000080079

531276894
647195300
098000060
800060003
400803001
700020006
060000280
000419005
000080079

531276894
647195320
098000060
800060003
400803001
700020006
060000280
000419005
000080079

531276894
670195000
098000060
800060003
400803001
700020006
060000280
000419005
000080079

531276894
672195000
098000060
800060003
400803001
700020006
060000280
000419005
000080079

531276894
672195300
098000060
800060003
400803001
700020006
060000280
000419005
000080079

531276894
674195000
098000060
800060003
400803001
700020006
060000280
000419005
000080079

531276894
674195300
098000060
800060003
400803001
700020006
060000280
000419005
000080079

531276894
674195320
098000060
800060003
400803001
700020006
060000280
000419005
000080079

531276900
600195000
098000060
800060003
400803001
700020006
060000280
000419005
000080079

531276940
600195000
098000060
800060003
400803001
700020006
060000280
000419005
000080079

531276948
600195000
098000060
800060003
400803001
700020006
060000280
000419005
000080079

531276948
620195000
098000060
800060003
400803001
700020006
060000280
000419005
000080079

531276948
624195000
098000060
800060003
400803001
700020006
060000280
000419005
000080079

531276948
624195300
098000060
800060003
400803001
700020006
060000280
000419005
000080079

531276948
624195700
098000060
800060003
400803001
700020006
060000280
000419005
000080079

531276948
624195730
098000060
800060003
400803001
700020006
060000280
000419005
000080079

531276948
627195000
098000060
800060003
400803001
700020006
060000280
000419005
000080079

531276948
627195300
098000060
800060003
400803001
700020006
060000280
000419005
000080079

531276948
640195000
098000060
800060003
400803001
700020006
060000280
000419005
000080079

531276948
642195000
098000060
800060003
400803001
700020006
060000280
000419005
000080079

531276948
642195300
098000060
800060003
400803001
700020006
060000280
000419005
000080079

531276948
642195700
098000060
800060003
400803001
700020006
060000280
000419005
000080079

531276948
642195730
098000060
800060003
400803001
700020006
060000280
000419005
000080079

531276948
647195000
098000060
800060003
400803001
700020006
060000280
000419005
000080079

531276948
647195300
098000060
800060003
400803001
700020006
060000280
000419005
000080079

531276948
647195320
098000060
800060003
400803001
700020006
060000280
000419005
000080079

531276948
670195000
098000060
800060003
400803001
700020006
060000280
000419005
000080079

531276948
672195000
098000060
800060003
400803001
700020006
060000280
000419005
000080079

531276948
672195300
098000060
800060003
400803001
700020006
060000280
000419005
000080079

531276948
674195000
098000060
800060003
400803001
700020006
060000280
000419005
000080079

531276948
674195300
098000060
800060003
400803001
700020006
060000280
000419005
000080079

531276948
674195320
098000060
800060003
400803001
700020006
060000280
000419005
000080079

531278000
600195000
098000060
800060003
400803001
700020006
060000280
000419005
000080079

531278400
600195000
098000060
800060003
400803001
700020006
060000280
000419005
000080079

531278490
600195000
098000060
800060003
400803001
700020006
060000280
000419005
000080079

531278900
600195000
098000060
800060003
400803001
700020006
060000280
000419005
000080079

531278940
600195000
098000060
800060003
400803001
700020006
060000280
000419005
000080079

531670000
600195000
098000060
800060003
400803001
700020006
060000280
000419005
000080079

531672000
600195000
098000060
800060003
400803001
700020006
060000280
000419005
000080079

531672400
600195000
098000060
800060003
400803001
700020006
060000280
000419005
000080079

531672490
600195000
098000060
800060003
400803001
700020006
060000280
000419005
000080079

531672498
600195000
098000060
800060003
400803001
700020006
060000280
000419005
000080079

531672498
620195000
098000060
800060003
400803001
700020006
060000280
000419005
000080079

531672498
624195000
098000060
800060003
400803001
700020006
060000280
000419005
000080079

531672498
624195300
098000060
800060003
400803001
700020006
060000280
000419005
000080079

531672498
624195700
098000060
800060003
400803001
700020006
060000280
000419005
000080079

531672498
624195730
098000060
800060003
400803001
700020006
060000280
000419005
000080079

531672498
627195000
098000060
800060003
400803001
700020006
060000280
000419005
000080079

531672498
627195300
098000060
800060003
400803001
700020006
060000280
000419005
000080079

531672498
640195000
098000060
800060003
400803001
700020006
060000280
000419005
000080079

531672498
642195000
098000060
800060003
400803001
700020006
060000280
000419005
000080079

531672498
642195300
098000060
800060003
400803001
700020006
060000280
000419005
000080079

531672498
642195700
098000060
800060003
400803001
700020006
060000280
000419005
000080079

531672498
642195730
098000060
800060003
400803001
700020006
060000280
000419005
000080079

531672498
647195000
098000060
800060003
400803001
700020006
060000280
000419005
000080079

531672498
647195300
098000060
800060003
400803001
700020006
060000280
000419005
000080079

531672498
647195320
098000060
800060003
400803001
700020006
060000280
000419005
000080079

531672498
670195000
098000060
800060003
400803001
700020006
060000280
000419005
000080079

531672498
672195000
098000060
800060003
400803001
700020006
060000280
000419005
000080079

531672498
672195300
098000060
800060003
400803001
700020006
060000280
000419005
000080079

531672498
674195000
098000060
800060003
400803001
700020006
060000280
000419005
000080079

531672498
674195300
098000060
800060003
400803001
700020006
060000280
000419005
000080079

531672498
674195320
098000060
800060003
400803001
700020006
060000280
000419005
000080079

531672800
600195000
098000060
800060003
400803001
700020006
060000280
000419005
000080079

531672840
600195000
098000060
800060003
400803001
700020006
060000280
000419005
000080079

531672890
600195000
098000060
800060003
400803001
700020006
060000280
000419005
000080079

531672894
600195000
098000060
800060003
400803001
700020006
060000280
000419005
000080079

531672894
620195000
098000060
800060003
400803001
700020006
060000280
000419005
000080079

531672894
624195000
098000060
800060003
400803001
700020006
060000280
000419005
000080079

531672894
624195300
098000060
800060003
400803001
700020006
060000280
000419005
000080079

531672894
624195700
098000060
800060003
400803001
700020006
060000280
000419005
000080079

531672894
624195730
098000060
800060003
400803001
700020006
060000280
000419005
000080079

531672894
627195000
098000060
800060003
400803001
700020006
060000280
000419005
000080079

531672894
627195300
098000060
800060003
400803001
700020006
060000280
000419005
000080079

531672894
640195000
098000060
800060003
400803001
700020006
060000280
000419005
000080079

531672894
642195000
098000060
800060003
400803001
700020006
060000280
000419005
000080079

531672894
642195300
098000060
800060003
400803001
700020006
060000280
000419005
000080079

531672894
642195700
098000060
800060003
400803001
700020006
060000280
000419005
000080079

531672894
642195730
098000060
800060003
400803001
700020006
060000280
000419005
000080079

531672894
647195000
098000060
800060003
400803001
700020006
060000280
000419005
000080079

531672894
647195300
098000060
800060003
400803001
700020006
060000280
000419005
000080079

531672894
647195320
098000060
800060003
400803001
700020006
060000280
000419005
000080079

531672894
670195000
098000060
800060003
400803001
700020006
060000280
000419005
000080079

531672894
672195000
098000060
800060003
400803001
700020006
060000280
000419005
000080079

531672894
672195300
098000060
800060003
400803001
700020006
060000280
000419005
000080079

531672894
674195000
098000060
800060003
400803001
700020006
060000280
000419005
000080079

531672894
674195300
098000060
800060003
400803001
700020006
060000280
000419005
000080079

531672894
674195320
098000060
800060003
400803001
700020006
060000280
000419005
000080079

531672900
600195000
098000060
800060003
400803001
700020006
060000280
000419005
000080079

531672940
600195000
098000060
800060003
400803001
700020006
060000280
000419005
000080079

531672948
600195000
098000060
800060003
400803001
700020006
060000280
000419005
000080079

531672948
620195000
098000060
800060003
400803001
700020006
060000280
000419005
000080079

531672948
624195000
098000060
800060003
400803001
700020006
060000280
000419005
000080079

531672948
624195300
098000060
800060003
400803001
700020006
060000280
000419005
000080079

531672948
624195700
098000060
800060003
400803001
700020006
060000280
000419005
000080079

531672948
624195730
098000060
800060003
400803001
700020006
060000280
000419005
000080079

531672948
627195000
098000060
800060003
400803001
700020006
060000280
000419005
000080079

531672948
627195300
098000060
800060003
400803001
700020006
060000280
000419005
000080079

531672948
640195000
098000060
800060003
400803001
700020006
060000280
000419005
000080079

531672948
642195000
098000060
800060003
400803001
700020006
060000280
000419005
000080079

531672948
642195300
098000060
800060003
400803001
700020006
060000280
000419005
000080079

531672948
642195700
098000060
800060003
400803001
700020006
060000280
000419005
000080079

531672948
642195730
098000060
800060003
400803001
700020006
060000280
000419005
000080079

531672948
647195000
098000060
800060003
400803001
700020006
060000280
000419005
000080079

531672948
647195300
098000060
800060003
400803001
700020006
060000280
000419005
000080079

531672948
647195320
098000060
800060003
400803001
700020006
060000280
000419005
000080079

531672948
670195000
098000060
800060003
400803001
700020006
060000280
000419005
000080079

531672948
672195000
098000060
800060003
400803001
700020006
060000280
000419005
000080079

531672948
672195300
098000060
800060003
400803001
700020006
060000280
000419005
000080079

531672948
674195000
098000060
800060003
400803001
700020006
060000280
000419005
000080079

531672948
674195300
098000060
800060003
400803001
700020006
060000280
000419005
000080079

531672948
674195320
098000060
800060003
400803001
700020006
060000280
000419005
000080079

531674000
600195000
098000060
800060003
400803001
700020006
060000280
000419005
000080079

531674800
600195000
098000060
800060003
400803001
700020006
060000280
000419005
000080079

531674820
600195000
098000060
800060003
400803001
700020006
060000280
000419005
000080079

531674890
600195000
098000060
800060003
400803001
700020006
060000280
000419005
000080079

531674892
600195000
098000060
800060003
400803001
700020006
060000280
000419005
000080079

531674892
620195000
098000060
800060003
400803001
700020006
060000280
000419005
000080079

531674892
624195000
098000060
800060003
400803001
700020006
060000280
000419005
000080079

531674892
624195300
098000060
800060003
400803001
700020006
060000280
000419005
000080079

531674892
624195700
098000060
800060003
400803001
700020006
060000280
000419005
000080079

531674892
624195730
098000060
800060003
400803001
700020006
060000280
000419005
000080079

531674892
627195000
098000060
800060003
400803001
700020006
060000280
000419005
000080079

531674892
627195300
098000060
800060003
400803001
700020006
060000280
000419005
000080079

531674892
627195340
098000060
800060003
400803001
700020006
060000280
000419005
000080079

531674892
627195400
098000060
800060003
400803001
700020006
060000280
000419005
000080079

531674892
627195430
098000060
800060003
400803001
700020006
060000280
000419005
000080079

531674892
640195000
098000060
800060003
400803001
700020006
060000280
000419005
000080079

531674892
642195000
098000060
800060003
400803001
700020006
060000280
000419005
000080079

531674892
642195300
098000060
800060003
400803001
700020006
060000280
000419005
000080079

531674892
642195700
098000060
800060003
400803001
700020006
060000280
000419005
000080079

531674892
642195730
098000060
800060003
400803001
700020006
060000280
000419005
000080079

531674892
647195000
098000060
800060003
400803001
700020006
060000280
000419005
000080079

531674892
647195300
098000060
800060003
400803001
700020006
060000280
000419005
000080079

531674892
670195000
098000060
800060003
400803001
700020006
060000280
000419005
000080079

531674892
672195000
098000060
800060003
400803001
700020006
060000280
000419005
000080079

531674892
672195300
098000060
800060003
400803001
700020006
060000280
000419005
000080079

531674892
672195340
098000060
800060003
400803001
700020006
060000280
000419005
000080079

531674892
672195400
098000060
800060003
400803001
700020006
060000280
000419005
000080079

531674892
672195430
098000060
800060003
400803001
700020006
060000280
000419005
000080079

531674892
674195000
098000060
800060003
400803001
700020006
060000280
000419005
000080079

531674892
674195300
098000060
800060003
400803001
700020006
060000280
000419005
000080079

531674900
600195000
098000060
800060003
400803001
700020006
060000280
000419005
000080079

531674920
600195000
098000060
800060003
400803001
700020006
060000280
000419005
000080079

531674928
600195000
098000060
800060003
400803001
700020006
060000280
000419005
000080079

531674928
620195000
098000060
800060003
400803001
700020006
060000280
000419005
000080079

531674928
624195000
098000060
800060003
400803001
700020006
060000280
000419005
000080079

531674928
624195300
098000060
800060003
400803001
700020006
060000280
000419005
000080079

531674928
624195700
098000060
800060003
400803001
700020006
060000280
000419005
000080079

531674928
624195730
098000060
800060003
400803001
700020006
060000280
000419005
000080079

531674928
627195000
098000060
800060003
400803001
700020006
060000280
000419005
000080079

531674928
627195300
098000060
800060003
400803001
700020006
060000280
000419005
000080079

531674928
627195340
098000060
800060003
400803001
700020006
060000280
000419005
000080079

531674928
627195400
098000060
800060003
400803001
700020006
060000280
000419005
000080079

531674928
627195430
098000060
800060003
400803001
700020006
060000280
000419005
000080079

531674928
640195000
098000060
800060003
400803001
700020006
060000280
000419005
000080079

531674928
642195000
098000060
800060003
400803001
700020006
060000280
000419005
000080079

531674928
642195300
098000060
800060003
400803001
700020006
060000280
000419005
000080079

531674928
642195700
098000060
800060003
400803001
700020006
060000280
000419005
000080079

531674928
642195730
098000060
800060003
400803001
700020006
060000280
000419005
000080079

531674928
647195000
098000060
800060003
400803001
700020006
060000280
000419005
000080079

531674928
647195300
098000060
800060003
400803001
700020006
060000280
000419005
000080079

531674928
670195000
098000060
800060003
400803001
700020006
060000280
000419005
000080079

531674928
672195000
098000060
800060003
400803001
700020006
060000280
000419005
000080079

531674928
672195300
098000060
800060003
400803001
700020006
060000280
000419005
000080079

531674928
672195340
098000060
800060003
400803001
700020006
060000280
000419005
000080079

531674928
672195400
098000060
800060003
400803001
700020006
060000280
000419005
000080079

531674928
672195430
098000060
800060003
400803001
700020006
060000280
000419005
000080079

531674928
674195000
098000060
800060003
400803001
700020006
060000280
000419005
000080079

531674928
674195300
098000060
800060003
400803001
700020006
060000280
000419005
000080079

531678000
600195000
098000060
800060003
400803001
700020006
060000280
000419005
000080079

531678400
600195000
098000060
800060003
400803001
700020006
060000280
000419005
000080079

531678420
600195000
098000060
800060003
400803001
700020006
060000280
000419005
000080079

531678490
600195000
098000060
800060003
400803001
700020006
060000280
000419005
000080079

531678492
600195000
098000060
800060003
400803001
700020006
060000280
000419005
000080079

531678492
620195000
098000060
800060003
400803001
700020006
060000280
000419005
000080079

531678492
624195000
098000060
800060003
400803001
700020006
060000280
000419005
000080079

531678492
624195300
098000060
800060003
400803001
700020006
060000280
000419005
000080079

531678492
624195700
098000060
800060003
400803001
700020006
060000280
000419005
000080079

531678492
624195730
098000060
800060003
400803001
700020006
060000280
000419005
000080079

531678492
624195738
098000060
800060003
400803001
700020006
060000280
000419005
000080079

531678492
624195800
098000060
800060003
400803001
700020006
060000280
000419005
000080079

531678492
624195830
098000060
800060003
400803001
700020006
060000280
000419005
000080079

531678492
624195837
098000060
800060003
400803001
700020006
060000280
000419005
000080079

531678492
627195000
098000060
800060003
400803001
700020006
060000280
000419005
000080079

531678492
627195300
098000060
800060003
400803001
700020006
060000280
000419005
000080079

531678492
627195800
098000060
800060003
400803001
700020006
060000280
000419005
000080079

531678492
627195830
098000060
800060003
400803001
700020006
060000280
000419005
000080079

531678492
640195000
098000060
800060003
400803001
700020006
060000280
000419005
000080079

531678492
642195000
098000060
800060003
400803001
700020006
060000280
000419005
000080079

531678492
642195300
098000060
800060003
400803001
700020006
060000280
000419005
000080079

531678492
642195700
098000060
800060003
400803001
700020006
060000280
000419005
000080079

531678492
642195730
098000060
800060003
400803001
700020006
060000280
000419005
000080079

531678492
642195738
098000060
800060003
400803001
700020006
060000280
000419005
000080079

531678492
642195800
098000060
800060003
400803001
700020006
060000280
000419005
000080079

531678492
642195830
098000060
800060003
400803001
700020006
060000280
000419005
000080079

531678492
642195837
098000060
800060003
400803001
700020006
060000280
000419005
000080079

531678492
647195000
098000060
800060003
400803001
700020006
060000280
000419005
000080079

531678492
647195300
098000060
800060003
400803001
700020006
060000280
000419005
000080079

531678492
647195800
098000060
800060003
400803001
700020006
060000280
000419005
000080079

531678492
647195830
098000060
800060003
400803001
700020006
060000280
000419005
000080079

531678492
670195000
098000060
800060003
400803001
700020006
060000280
000419005
000080079

531678492
672195000
098000060
800060003
400803001
700020006
060000280
000419005
000080079

531678492
672195300
098000060
800060003
400803001
700020006
060000280
000419005
000080079

531678492
672195800
098000060
800060003
400803001
700020006
060000280
000419005
000080079

531678492
672195830
098000060
800060003
400803001
700020006
060000280
000419005
000080079

531678492
674195000
098000060
800060003
400803001
700020006
060000280
000419005
000080079

531678492
674195300
098000060
800060003
400803001
700020006
060000280
000419005
000080079

531678492
674195800
098000060
800060003
400803001
700020006
060000280
000419005
000080079

531678492
674195830
098000060
800060003
400803001
700020006
060000280
000419005
000080079

531678900
600195000
098000060
800060003
400803001
700020006
060000280
000419005
000080079

531678920
600195000
098000060
800060003
400803001
700020006
060000280
000419005
000080079

531678924
600195000
098000060
800060003
400803001
700020006
060000280
000419005
000080079

531678924
620195000
098000060
800060003
400803001
700020006
060000280
000419005
000080079

531678924
624195000
098000060
800060003
400803001
700020006
060000280
000419005
000080079

531678924
624195300
098000060
800060003
400803001
700020006
060000280
000419005
000080079

531678924
624195700
098000060
800060003
400803001
700020006
060000280
000419005
000080079

531678924
624195730
098000060
800060003
400803001
700020006
060000280
000419005
000080079

531678924
624195738
098000060
800060003
400803001
700020006
060000280
000419005
000080079

531678924
624195800
098000060
800060003
400803001
700020006
060000280
000419005
000080079

531678924
624195830
098000060
800060003
400803001
700020006
060000280
000419005
000080079

531678924
624195837
098000060
800060003
400803001
700020006
060000280
000419005
000080079

531678924
627195000
098000060
800060003
400803001
700020006
060000280
000419005
000080079

531678924
627195300
098000060
800060003
400803001
700020006
060000280
000419005
000080079

531678924
627195800
098000060
800060003
400803001
700020006
060000280
000419005
000080079

531678924
627195830
098000060
800060003
400803001
700020006
060000280
000419005
000080079

531678924
640195000
098000060
800060003
400803001
700020006
060000280
000419005
000080079

531678924
642195000
098000060
800060003
400803001
700020006
060000280
000419005
000080079

531678924
642195300
098000060
800060003
400803001
700020006
060000280
000419005
000080079

531678924
642195700
098000060
800060003
400803001
700020006
060000280
000419005
000080079

531678924
642195730
098000060
800060003
400803001
700020006
060000280
000419005
000080079

531678924
642195738
098000060
800060003
400803001
700020006
060000280
000419005
000080079

531678924
642195800
098000060
800060003
400803001
700020006
060000280
000419005
000080079

531678924
642195830
098000060
800060003
400803001
700020006
060000280
000419005
000080079

531678924
642195837
098000060
800060003
400803001
700020006
060000280
000419005
000080079

531678924
647195000
098000060
800060003
400803001
700020006
060000280
000419005
000080079

531678924
647195300
098000060
800060003
400803001
700020006
060000280
000419005
000080079

531678924
647195800
098000060
800060003
400803001
700020006
060000280
000419005
000080079

531678924
647195830
098000060
800060003
400803001
700020006
060000280
000419005
000080079

531678924
670195000
098000060
800060003
400803001
700020006
060000280
000419005
000080079

531678924
672195000
098000060
800060003
400803001
700020006
060000280
000419005
000080079

531678924
672195300
098000060
800060003
400803001
700020006
060000280
000419005
000080079

531678924
672195800
098000060
800060003
400803001
700020006
060000280
000419005
000080079

531678924
672195830
098000060
800060003
400803001
700020006
060000280
000419005
000080079

531678924
674195000
098000060
800060003
400803001
700020006
060000280
000419005
000080079

531678924
674195300
098000060
800060003
400803001
700020006
060000280
000419005
000080079

531678924
674195800
098000060
800060003
400803001
700020006
060000280
000419005
000080079

531678924
674195830
098000060
800060003
400803001
700020006
060000280
000419005
000080079

531678940
600195000
098000060
800060003
400803001
700020006
060000280
000419005
000080079

531678942
600195000
098000060
800060003
400803001
700020006
060000280
000419005
000080079

531678942
620195000
098000060
800060003
400803001
700020006
060000280
000419005
000080079

531678942
624195000
098000060
800060003
400803001
700020006
060000280
000419005
000080079

531678942
624195300
098000060
800060003
400803001
700020006
060000280
000419005
000080079

531678942
624195700
098000060
800060003
400803001
700020006
060000280
000419005
000080079

531678942
624195730
098000060
800060003
400803001
700020006
060000280
000419005
000080079

531678942
624195738
098000060
800060003
400803001
700020006
060000280
000419005
000080079

531678942
624195800
098000060
800060003
400803001
700020006
060000280
000419005
000080079

531678942
624195830
098000060
800060003
400803001
700020006
060000280
000419005
000080079

531678942
624195837
098000060
800060003
400803001
700020006
060000280
000419005
000080079

531678942
627195000
098000060
800060003
400803001
700020006
060000280
000419005
000080079

531678942
627195300
098000060
800060003
400803001
700020006
060000280
000419005
000080079

531678942
627195800
098000060
800060003
400803001
700020006
060000280
000419005
000080079

531678942
627195830
098000060
800060003
400803001
700020006
060000280
000419005
000080079

531678942
640195000
098000060
800060003
400803001
700020006
060000280
000419005
000080079

531678942
642195000
098000060
800060003
400803001
700020006
060000280
000419005
000080079

531678942
642195300
098000060
800060003
400803001
700020006
060000280
000419005
000080079

531678942
642195700
098000060
800060003
400803001
700020006
060000280
000419005
000080079

531678942
642195730
098000060
800060003
400803001
700020006
060000280
000419005
000080079

531678942
642195738
098000060
800060003
400803001
700020006
060000280
000419005
000080079

531678942
642195800
098000060
800060003
400803001
700020006
060000280
000419005
000080079

531678942
642195830
098000060
800060003
400803001
700020006
060000280
000419005
000080079

531678942
642195837
098000060
800060003
400803001
700020006
060000280
000419005
000080079

531678942
647195000
098000060
800060003
400803001
700020006
060000280
000419005
000080079

531678942
647195300
098000060
800060003
400803001
700020006
060000280
000419005
000080079

531678942
647195800
098000060
800060003
400803001
700020006
060000280
000419005
000080079

531678942
647195830
098000060
800060003
400803001
700020006
060000280
000419005
000080079

531678942
670195000
098000060
800060003
400803001
700020006
060000280
000419005
000080079

531678942
672195000
098000060
800060003
400803001
700020006
060000280
000419005
000080079

531678942
672195300
098000060
800060003
400803001
700020006
060000280
000419005
000080079

531678942
672195800
098000060
800060003
400803001
700020006
060000280
000419005
000080079

531678942
672195830
098000060
800060003
400803001
700020006
060000280
000419005
000080079

531678942
674195000
098000060
800060003
400803001
700020006
060000280
000419005
000080079

531678942
674195300
098000060
800060003
400803001
700020006
060000280
000419005
000080079

531678942
674195800
098000060
800060003
400803001
700020006
060000280
000419005
000080079

531678942
674195830
098000060
800060003
400803001
700020006
060000280
000419005
000080079

532070000
600195000
098000060
800060003
400803001
700020006
060000280
000419005
000080079

532670000
600195000
098000060
800060003
400803001
700020006
060000280
000419005
000080079

532674000
600195000
098000060
800060003
400803001
700020006
060000280
000419005
000080079

532674100
600195000
098000060
800060003
400803001
700020006
060000280
000419005
000080079

532674190
600195000
098000060
800060003
400803001
700020006
060000280
000419005
000080079

532674198
600195000
098000060
800060003
400803001
700020006
060000280
000419005
000080079

532674198
640195000
098000060
800060003
400803001
700020006
060000280
000419005
000080079

532674198
647195000
098000060
800060003
400803001
700020006
060000280
000419005
000080079

532674198
647195300
098000060
800060003
400803001
700020006
060000280
000419005
000080079

532674198
647195320
098000060
800060003
400803001
700020006
060000280
000419005
000080079

532674198
670195000
098000060
800060003
400803001
700020006
060000280
000419005
000080079

532674198
674195000
098000060
800060003
400803001
700020006
060000280
000419005
000080079

532674198
674195300
098000060
800060003
400803001
700020006
060000280
000419005
000080079

532674198
674195320
098000060
800060003
400803001
700020006
060000280
000419005
000080079

532674800
600195000
098000060
800060003
400803001
700020006
060000280
000419005
000080079

532674810
600195000
098000060
800060003
400803001
700020006
060000280
000419005
000080079

532674890
600195000
098000060
800060003
400803001
700020006
060000280
000419005
000080079

532674900
600195000
098000060
800060003
400803001
700020006
060000280
000419005
000080079

532674910
600195000
098000060
800060003
400803001
700020006
060000280
000419005
000080079

532674918
600195000
098000060
800060003
400803001
700020006
060000280
000419005
000080079

532674918
640195000
098000060
800060003
400803001
700020006
060000280
000419005
000080079

532674918
647195000
098000060
800060003
400803001
700020006
060000280
000419005
000080079

532674918
647195300
098000060
800060003
400803001
700020006
060000280
000419005
000080079

532674918
647195320
098000060
800060003
400803001
700020006
060000280
000419005
000080079

532674918
670195000
098000060
800060003
400803001
700020006
060000280
000419005
000080079

532674918
674195000
098000060
800060003
400803001
700020006
060000280
000419005
000080079

532674918
674195300
098000060
800060003
400803001
700020006
060000280
000419005
000080079

532674918
674195320
098000060
800060003
400803001
700020006
060000280
000419005
000080079

532678000
600195000
098000060
800060003
400803001
700020006
060000280
000419005
000080079

532678100
600195000
098000060
800060003
400803001
700020006
060000280
000419005
000080079

532678140
600195000
098000060
800060003
400803001
700020006
060000280
000419005
000080079

532678190
600195000
098000060
800060003
400803001
700020006
060000280
000419005
000080079

532678194
600195000
098000060
800060003
400803001
700020006
060000280
000419005
000080079

532678194
640195000
098000060
800060003
400803001
700020006
060000280
000419005
000080079

532678194
647195000
098000060
800060003
400803001
700020006
060000280
000419005
000080079

532678194
647195300
098000060
800060003
400803001
700020006
060000280
000419005
000080079

532678194
647195320
098000060
800060003
400803001
700020006
060000280
000419005
000080079

532678194
647195328
098000060
800060003
400803001
700020006
060000280
000419005
000080079

532678194
647195328
198000060
800060003
400803001
700020006
060000280
000419005
000080079

532678194
647195328
198200060
800060003
400803001
700020006
060000280
000419005
000080079

532678194
647195328
198230060
800060003
400803001
700020006
060000280
000419005
000080079

532678194
647195328
198234060
800060003
400803001
700020006
060000280
000419005
000080079

532678194
647195328
198234560
800060003
400803001
700020006
060000280
000419005
000080079

532678194
647195328
198234567
800060003
400803001
700020006
060000280
000419005
000080079

532678194
647195328
198234567
810060003
400803001
700020006
060000280
000419005
000080079

532678194
647195328
198234567
815060003
400803001
700020006
060000280
000419005
000080079

532678194
647195328
198234567
815760003
400803001
700020006
060000280
000419005
000080079

532678194
647195328
198234567
815960003
400803001
700020006
060000280
000419005
000080079

532678194
647195328
198234567
815967003
400803001
700020006
060000280
000419005
000080079

532678194
647195328
198234567
815967403
400803001
700020006
060000280
000419005
000080079

532678194
647195328
198234567
819060003
400803001
700020006
060000280
000419005
000080079

532678194
647195328
198234567
819560003
400803001
700020006
060000280
000419005
000080079

532678194
647195328
198234567
819567003
400803001
700020006
060000280
000419005
000080079

532678194
647195328
198234567
819567403
400803001
700020006
060000280
000419005
000080079

532678194
647195328
198234567
819760003
400803001
700020006
060000280
000419005
000080079

532678194
647195328
198234567
820060003
400803001
700020006
060000280
000419005
000080079

532678194
647195328
198234567
821060003
400803001
700020006
060000280
000419005
000080079

532678194
647195328
198234567
821560003
400803001
700020006
060000280
000419005
000080079

532678194
647195328
198234567
821567003
400803001
700020006
060000280
000419005
000080079

532678194
647195328
198234567
821567403
400803001
700020006
060000280
000419005
000080079

532678194
647195328
198234567
821567903
400803001
700020006
060000280
000419005
000080079

532678194
647195328
198234567
821567943
400803001
700020006
060000280
000419005
000080079

532678194
647195328
198234567
821567943
450803001
700020006
060000280
000419005
000080079

532678194
647195328
198234567
821567943
456803001
700020006
060000280
000419005
000080079

532678194
647195328
198234567
821567943
459803001
700020006
060000280
000419005
000080079

532678194
647195328
198234567
821760003
400803001
700020006
060000280
000419005
000080079

532678194
647195328
198234567
821960003
400803001
700020006
060000280
000419005
000080079

532678194
647195328
198234567
821967003
400803001
700020006
060000280
000419005
000080079

532678194
647195328
198234567
821967403
400803001
700020006
060000280
000419005
000080079

532678194
647195328
198234567
821967453
400803001
700020006
060000280
000419005
000080079

532678194
647195328
198234567
821967453
450803001
700020006
060000280
000419005
000080079

532678194
647195328
198234567
821967453
456803001
700020006
060000280
000419005
000080079

532678194
647195328
198234567
821967453
459803001
700020006
060000280
000419005
000080079

532678194
647195328
198234567
825060003
400803001
700020006
060000280
000419005
000080079

532678194
647195328
198234567
825760003
400803001
700020006
060000280
000419005
000080079

532678194
647195328
198234567
825761003
400803001
700020006
060000280
000419005
000080079

532678194
647195328
198234567
825761403
400803001
700020006
060000280
000419005
000080079

532678194
647195328
198234567
825761903
400803001
700020006
060000280
000419005
000080079

532678194
647195328
198234567
825761943
400803001
700020006
060000280
000419005
000080079

532678194
647195328
198234567
825960003
400803001
700020006
060000280
000419005
000080079

532678194
647195328
198234567
825961003
400803001
700020006
060000280
000419005
000080079

532678194
647195328
198234567
825961403
400803001
700020006
060000280
000419005
000080079

532678194
647195328
198234567
825961703
400803001
700020006
060000280
000419005
000080079

532678194
647195328
198234567
825961743
400803001
700020006
060000280
000419005
000080079

532678194
647195328
198234567
825967003
400803001
700020006
060000280
000419005
000080079

532678194
647195328
198234567
825967403
400803001
700020006
060000280
000419005
000080079

532678194
647195328
198234567
829060003
400803001
700020006
060000280
000419005
000080079

532678194
647195328
198234567
829560003
400803001
700020006
060000280
000419005
000080079

532678194
647195328
198234567
829561003
400803001
700020006
060000280
000419005
000080079

532678194
647195328
198234567
829561403
400803001
700020006
060000280
000419005
000080079

532678194
647195328
198234567
829561703
400803001
700020006
060000280
000419005
000080079

532678194
647195328
198234567
829561743
400803001
700020006
060000280
000419005
000080079

532678194
647195328
198234567
829561743
450803001
700020006
060000280
000419005
000080079

532678194
647195328
198234567
829561743
456803001
700020006
060000280
000419005
000080079

532678194
647195328
198234567
829567003
400803001
700020006
060000280
000419005
000080079

532678194
647195328
198234567
829567403
400803001
700020006
060000280
000419005
000080079

532678194
647195328
198234567
829760003
400803001
700020006
060000280
000419005
000080079

532678194
647195328
198234567
829761003
400803001
700020006
060000280
000419005
000080079

532678194
647195328
198234567
829761403
400803001
700020006
060000280
000419005
000080079

532678194
647195328
198234567
829761453
400803001
700020006
060000280
000419005
000080079

532678194
647195328
198234567
829761453
450803001
700020006
060000280
000419005
000080079

532678194
647195328
198234567
829761453
456803001
700020006
060000280
000419005
000080079

532678194
647195328
198234567
850060003
400803001
700020006
060000280
000419005
000080079

532678194
647195328
198234567
851060003
400803001
700020006
060000280
000419005
000080079

532678194
647195328
198234567
851760003
400803001
700020006
060000280
000419005
000080079

532678194
647195328
198234567
851960003
400803001
700020006
060000280
000419005
000080079

532678194
647195328
198234567
851967003
400803001
700020006
060000280
000419005
000080079

532678194
647195328
198234567
851967403
400803001
700020006
060000280
000419005
000080079

532678194
647195328
198234567
859060003
400803001
700020006
060000280
000419005
000080079

532678194
647195328
198234567
859760003
400803001
700020006
060000280
000419005
000080079

532678194
647195328
198234567
859761003
400803001
700020006
060000280
000419005
000080079

532678194
647195328
198234567
859761403
400803001
700020006
060000280
000419005
000080079

532678194
647195328
198234760
800060003
400803001
700020006
060000280
000419005
000080079

532678194
647195328
198240060
800060003
400803001
700020006
060000280
000419005
000080079

532678194
647195328
198300060
800060003
400803001
700020006
060000280
000419005
000080079

532678194
647195328
198340060
800060003
400803001
700020006
060000280
000419005
000080079

532678194
647195328
198342060
800060003
400803001
700020006
060000280
000419005
000080079

532678194
647195328
198342560
800060003
400803001
700020006
060000280
000419005
000080079

532678194
647195328
198342567
800060003
400803001
700020006
060000280
000419005
000080079

532678194
647195328
198342567
810060003
400803001
700020006
060000280
000419005
000080079

532678194
647195328
198342567
815060003
400803001
700020006
060000280
000419005
000080079

532678194
647195328
198342567
815760003
400803001
700020006
060000280
000419005
000080079

532678194
647195328
198342567
815764003
400803001
700020006
060000280
000419005
000080079

532678194
647195328
198342567
815764903
400803001
700020006
060000280
000419005
000080079

532678194
647195328
198342567
815960003
400803001
700020006
060000280
000419005
000080079

532678194
647195328
198342567
815964003
400803001
700020006
060000280
000419005
000080079

532678194
647195328
198342567
815964703
400803001
700020006
060000280
000419005
000080079

532678194
647195328
198342567
815967003
400803001
700020006
060000280
000419005
000080079

532678194
647195328
198342567
815967403
400803001
700020006
060000280
000419005
000080079

532678194
647195328
198342567
819060003
400803001
700020006
060000280
000419005
000080079

532678194
647195328
198342567
819560003
400803001
700020006
060000280
000419005
000080079

532678194
647195328
198342567
819564003
400803001
700020006
060000280
000419005
000080079

532678194
647195328
198342567
819564703
400803001
700020006
060000280
000419005
000080079

532678194
647195328
198342567
819567003
400803001
700020006
060000280
000419005
000080079

532678194
647195328
198342567
819567403
400803001
700020006
060000280
000419005
000080079

532678194
647195328
198342567
819760003
400803001
700020006
060000280
000419005
000080079

532678194
647195328
198342567
819764003
400803001
700020006
060000280
000419005
000080079

532678194
647195328
198342567
820060003
400803001
700020006
060000280
000419005
000080079

532678194
647195328
198342567
821060003
400803001
700020006
060000280
000419005
000080079

532678194
647195328
198342567
821560003
400803001
700020006
060000280
000419005
000080079

532678194
647195328
198342567
821564003
400803001
700020006
060000280
000419005
000080079

532678194
647195328
198342567
821564703
400803001
700020006
060000280
000419005
000080079

532678194
647195328
198342567
821564903
400803001
700020006
060000280
000419005
000080079

532678194
647195328
198342567
821567003
400803001
700020006
060000280
000419005
000080079

532678194
647195328
198342567
821567403
400803001
700020006
060000280
000419005
000080079

532678194
647195328
198342567
821567903
400803001
700020006
060000280
000419005
000080079

532678194
647195328
198342567
821567943
400803001
700020006
060000280
000419005
000080079

532678194
647195328
198342567
821567943
450803001
700020006
060000280
000419005
000080079

532678194
647195328
198342567
821567943
456803001
700020006
060000280
000419005
000080079

532678194
647195328
198342567
821567943
459803001
700020006
060000280
000419005
000080079

532678194
647195328
198342567
821760003
400803001
700020006
060000280
000419005
000080079

532678194
647195328
198342567
821764003
400803001
700020006
060000280
000419005
000080079

532678194
647195328
198342567
821764903
400803001
700020006
060000280
000419005
000080079

532678194
647195328
198342567
821764953
400803001
700020006
060000280
000419005
000080079

532678194
647195328
198342567
821764953
450803001
700020006
060000280
000419005
000080079

532678194
647195328
198342567
821764953
456803001
700020006
060000280
000419005
000080079

532678194
647195328
198342567
821764953
459803001
700020006
060000280
000419005
000080079

532678194
647195328
198342567
821960003
400803001
700020006
060000280
000419005
000080079

532678194
647195328
198342567
821964003
400803001
700020006
060000280
000419005
000080079

532678194
647195328
198342567
821964703
400803001
700020006
060000280
000419005
000080079

532678194
647195328
198342567
821964753
400803001
700020006
060000280
000419005
000080079

532678194
647195328
198342567
821964753
450803001
700020006
060000280
000419005
000080079

532678194
647195328
198342567
821964753
456803001
700020006
060000280
000419005
000080079

532678194
647195328
198342567
821964753
459803001
700020006
060000280
000419005
000080079

532678194
647195328
198342567
821967003
400803001
700020006
060000280
000419005
000080079

532678194
647195328
198342567
821967403
400803001
700020006
060000280
000419005
000080079

532678194
647195328
198342567
821967453
400803001
700020006
060000280
000419005
000080079

532678194
647195328
198342567
821967453
450803001
700020006
060000280
000419005
000080079

532678194
647195328
198342567
821967453
456803001
700020006
060000280
000419005
000080079

532678194
647195328
198342567
821967453
459803001
700020006
060000280
000419005
000080079

532678194
647195328
198342567
825060003
400803001
700020006
060000280
000419005
000080079

532678194
647195328
198342567
825760003
400803001
700020006
060000280
000419005
000080079

532678194
647195328
198342567
825761003
400803001
700020006
060000280
000419005
000080079

532678194
647195328
198342567
825761403
400803001
700020006
060000280
000419005
000080079

532678194
647195328
198342567
825761903
400803001
700020006
060000280
000419005
000080079

532678194
647195328
198342567
825761943
400803001
700020006
060000280
000419005
000080079

532678194
647195328
198342567
825764003
400803001
700020006
060000280
000419005
000080079

532678194
647195328
198342567
825764903
400803001
700020006
060000280
000419005
000080079

532678194
647195328
198342567
825960003
400803001
700020006
060000280
000419005
000080079

532678194
647195328
198342567
825961003
400803001
700020006
060000280
000419005
000080079

532678194
647195328
198342567
825961403
400803001
700020006
060000280
000419005
000080079

532678194
647195328
198342567
825961703
400803001
700020006
060000280
000419005
000080079

532678194
647195328
198342567
825961743
400803001
700020006
060000280
000419005
000080079

532678194
647195328
198342567
825964003
400803001
700020006
060000280
000419005
000080079

532678194
647195328
198342567
825964703
400803001
700020006
060000280
000419005
000080079

532678194
647195328
198342567
825967003
400803001
700020006
060000280
000419005
000080079

532678194
647195328
198342567
825967403
400803001
700020006
060000280
000419005
000080079

532678194
647195328
198342567
829060003
400803001
700020006
060000280
000419005
000080079

