530070000
600195000
098000060
800060003
400803001
700020006
060000284
000419005
000080079

530070000
600195000
098000062
800060003
400803001
700020006
060000284
000419005
000080079

530070000
600195007
098000062
800060003
400803001
700020006
060000284
000419005
000080079

530070008
600195007
098000062
800060003
400803001
700020006
060000284
000419005
000080079

530070008
600195007
098000062
800060003
400803001
700020006
060000284
000419035
000080079

530070008
600195007
098000062
800060003
400803001
700020046
060000284
000419035
000080079

530070008
600195007
098000062
800060003
400803021
700020046
060000284
000419035
000080079

530070008
600195007
098000062
800060053
400803021
700020046
060000284
000419035
000080079

530070008
600195007
098000062
800060093
400803021
700020046
060000284
000419035
000080079

530070008
600195007
098000062
800060003
400803051
700020046
060000284
000419035
000080079

530070008
600195007
098000062
800060023
400803051
700020046
060000284
000419035
000080079

530070008
600195007
098000062
800060093
400803051
700020046
060000284
000419035
000080079

530070008
600195007
098000062
800060003
400803091
700020046
060000284
000419035
000080079

530070008
600195007
098000062
800060023
400803091
700020046
060000284
000419035
000080079

530070008
600195007
098000062
800060053
400803091
700020046
060000284
000419035
000080079

530070008
600195007
098000062
800060003
400803001
700020056
060000284
000419035
000080079

530070008
600195007
098000062
800060003
400803021
700020056
060000284
000419035
000080079

530070008
600195007
098000062
800060043
400803021
700020056
060000284
000419035
000080079

530070008
600195007
098000062
800060093
400803021
700020056
060000284
000419035
000080079

530070008
600195047
098000062
800060093
400803021
700020056
060000284
000419035
000080079

530070018
600195047
098000062
800060093
400803021
700020056
060000284
000419035
000080079

530070018
600195047
098000062
800060093
400803021
700020056
060000284
000419035
000080179

530070018
600195047
098000062
800060093
400803021
700020056
060000284
000419635
000080179

530070018
600195047
098000062
800060093
400803021
700020456
060000284
000419635
000080179

530070018
600195047
098000062
800060093
400803721
700020456
060000284
000419635
000080179

530070018
600195047
098000062
800060093
400803021
700020856
060000284
000419635
000080179

530070018
600195047
098000062
800060093
400803721
700020856
060000284
000419635
000080179

530070018
600195047
098000062
800060493
400803721
700020856
060000284
000419635
000080179

530070018
600195047
098000362
800060493
400803721
700020856
060000284
000419635
000080179

530070018
600195047
098000562
800060493
400803721
700020856
060000284
000419635
000080179

530070018
600195347
098000562
800060493
400803721
700020856
060000284
000419635
000080179

530070918
600195347
098000562
800060493
400803721
700020856
060000284
000419635
000080179

530070918
600195347
098000562
800060493
400803721
700020856
060000284
000419635
000082179

530070918
600195347
098000562
800060493
400803721
700020856
060007284
000419635
000082179

530070918
600195347
098000562
800060493
400803721
700021856
060007284
000419635
000082179

530070918
600195347
098000562
800060493
400803721
700024856
060007284
000419635
000082179

530070918
600195347
098000562
800061493
400803721
700024856
060007284
000419635
000082179

530070918
600195347
098000562
800060493
400803721
700020856
060000284
000419635
000086179

530070918
600195347
098000562
800060493
400803721
700020856
060007284
000419635
000086179

530070918
600195347
098000562
800060493
400803721
700021856
060007284
000419635
000086179

530070918
600195347
098000562
800060493
400803721
700024856
060007284
000419635
000086179

530070918
600195347
098000562
800061493
400803721
700024856
060007284
000419635
000086179

530070018
600195047
098000062
800060093
400803021
700020056
060000284
000419035
000080679

530070008
600195007
098000062
800060003
400803091
700020056
060000284
000419035
000080079

530070008
600195007
098000062
800060023
400803091
700020056
060000284
000419035
000080079

530070008
600195047
098000062
800060023
400803091
700020056
060000284
000419035
000080079

530070018
600195047
098000062
800060023
400803091
700020056
060000284
000419035
000080079

530070018
600195047
098000062
800060023
400803091
700020056
060000284
000419035
000080179

530070018
600195047
098000062
800060023
400803091
700020056
060000284
000419635
000080179

530070018
600195047
098000062
800060023
400803091
700020456
060000284
000419635
000080179

530070018
600195047
098000062
800060023
400803791
700020456
060000284
000419635
000080179

530070018
600195047
098000062
800060023
400803091
700020856
060000284
000419635
000080179

530070018
600195047
098000062
800060023
400803791
700020856
060000284
000419635
000080179

530070018
600195047
098000062
800060423
400803791
700020856
060000284
000419635
000080179

530070018
600195047
098000362
800060423
400803791
700020856
060000284
000419635
000080179

530070018
600195047
098000562
800060423
400803791
700020856
060000284
000419635
000080179

530070018
600195347
098000562
800060423
400803791
700020856
060000284
000419635
000080179

530070918
600195347
098000562
800060423
400803791
700020856
060000284
000419635
000080179

530070918
600195347
098000562
800060423
400803791
700020856
060000284
000419635
000082179

530070918
600195347
098000562
800060423
400803791
700020856
060007284
000419635
000082179

530070918
600195347
098000562
800060423
400803791
700021856
060007284
000419635
000082179

530070918
600195347
098000562
800060423
400803791
700024856
060007284
000419635
000082179

530070918
600195347
098000562
800061423
400803791
700024856
060007284
000419635
000082179

530070918
600195347
098000562
800060423
400803791
700020856
060000284
000419635
000086179

530070918
600195347
098000562
800060423
400803791
700020856
060007284
000419635
000086179

530070918
600195347
098000562
800060423
400803791
700021856
060007284
000419635
000086179

530070918
600195347
098000562
800060423
400803791
700024856
060007284
000419635
000086179

530070918
600195347
098000562
800061423
400803791
700024856
060007284
000419635
000086179

530070018
600195047
098000062
800060023
400803091
700020056
060000284
000419035
000080679

530070008
600195007
098000062
800060043
400803091
700020056
060000284
000419035
000080079

530070008
600195007
098000062
800060003
400803001
700020096
060000284
000419035
000080079

530070008
600195007
098000062
800060003
400803021
700020096
060000284
000419035
000080079

530070008
600195007
098000062
800060043
400803021
700020096
060000284
000419035
000080079

530070008
600195007
098000062
800060053
400803021
700020096
060000284
000419035
000080079

530070008
600195047
098000062
800060053
400803021
700020096
060000284
000419035
000080079

530070018
600195047
098000062
800060053
400803021
700020096
060000284
000419035
000080079

530070018
600195047
098000062
800060053
400803021
700020096
060000284
000419035
000080179

530070018
600195047
098000062
800060053
400803021
700020096
060000284
000419635
000080179

530070018
600195047
098000062
800060053
400803021
700020496
060000284
000419635
000080179

530070018
600195047
098000062
800060053
400803721
700020496
060000284
000419635
000080179

530070018
600195047
098000062
800060053
400803021
700020896
060000284
000419635
000080179

530070018
600195047
098000062
800060053
400803721
700020896
060000284
000419635
000080179

530070018
600195047
098000062
800060453
400803721
700020896
060000284
000419635
000080179

530070018
600195047
098000362
800060453
400803721
700020896
060000284
000419635
000080179

530070018
600195047
098000562
800060453
400803721
700020896
060000284
000419635
000080179

530070018
600195347
098000562
800060453
400803721
700020896
060000284
000419635
000080179

530070918
600195347
098000562
800060453
400803721
700020896
060000284
000419635
000080179

530070918
600195347
098000562
800060453
400803721
700020896
060000284
000419635
000082179

530070918
600195347
098000562
800060453
400803721
700020896
060007284
000419635
000082179

530070918
600195347
098000562
800060453
400803721
700021896
060007284
000419635
000082179

530070918
600195347
098000562
800060453
400803721
700024896
060007284
000419635
000082179

530070918
600195347
098000562
800061453
400803721
700024896
060007284
000419635
000082179

530070918
600195347
098000562
800060453
400803721
700020896
060000284
000419635
000086179

530070918
600195347
098000562
800060453
400803721
700020896
060007284
000419635
000086179

530070918
600195347
098000562
800060453
400803721
700021896
060007284
000419635
000086179

530070918
600195347
098000562
800060453
400803721
700024896
060007284
000419635
000086179

530070918
600195347
098000562
800061453
400803721
700024896
060007284
000419635
000086179

530070018
600195047
098000062
800060053
400803021
700020096
060000284
000419035
000080679

530070008
600195007
098000062
800060003
400803051
700020096
060000284
000419035
000080079

530070008
600195007
098000062
800060023
400803051
700020096
060000284
000419035
000080079

530070008
600195047
098000062
800060023
400803051
700020096
060000284
000419035
000080079

530070018
600195047
098000062
800060023
400803051
700020096
060000284
000419035
000080079

530070018
600195047
098000062
800060023
400803051
700020096
060000284
000419035
000080179

530070018
600195047
098000062
800060023
400803051
700020096
060000284
000419635
000080179

530070018
600195047
098000062
800060023
400803051
700020496
060000284
000419635
000080179

530070018
600195047
098000062
800060023
400803751
700020496
060000284
000419635
000080179

530070018
600195047
098000062
800060023
400803051
700020896
060000284
000419635
000080179

530070018
600195047
098000062
800060023
400803751
700020896
060000284
000419635
000080179

530070018
600195047
098000062
800060423
400803751
700020896
060000284
000419635
000080179

530070018
600195047
098000362
800060423
400803751
700020896
060000284
000419635
000080179

530070018
600195047
098000562
800060423
400803751
700020896
060000284
000419635
000080179

530070018
600195347
098000562
800060423
400803751
700020896
060000284
000419635
000080179

530070918
600195347
098000562
800060423
400803751
700020896
060000284
000419635
000080179

530070918
600195347
098000562
800060423
400803751
700020896
060000284
000419635
000082179

530070918
600195347
098000562
800060423
400803751
700020896
060007284
000419635
000082179

530070918
600195347
098000562
800060423
400803751
700021896
060007284
000419635
000082179

530070918
600195347
098000562
800060423
400803751
700024896
060007284
000419635
000082179

530070918
600195347
098000562
800061423
400803751
700024896
060007284
000419635
000082179

530070918
600195347
098000562
800060423
400803751
700020896
060000284
000419635
000086179

530070918
600195347
098000562
800060423
400803751
700020896
060007284
000419635
000086179

530070918
600195347
098000562
800060423
400803751
700021896
060007284
000419635
000086179

530070918
600195347
098000562
800060423
400803751
700024896
060007284
000419635
000086179

530070918
600195347
098000562
800061423
400803751
700024896
060007284
000419635
000086179

530070018
600195047
098000062
800060023
400803051
700020096
060000284
000419035
000080679

530070008
600195007
098000062
800060043
400803051
700020096
060000284
000419035
000080079

530070000
600195008
098000062
800060003
400803001
700020006
060000284
000419005
000080079

530070000
600195000
098000067
800060003
400803001
700020006
060000284
000419005
000080079

530070000
600195002
098000067
800060003
400803001
700020006
060000284
000419005
000080079

530070008
600195002
098000067
800060003
400803001
700020006
060000284
000419005
000080079

530070008
600195002
098000067
800060003
400803001
700020006
060000284
000419035
000080079

530070008
600195002
098000067
800060003
400803001
700020046
060000284
000419035
000080079

530070008
600195002
098000067
800060003
400803021
700020046
060000284
000419035
000080079

530070008
600195002
098000067
800060053
400803021
700020046
060000284
000419035
000080079

530070008
600195002
098000067
800060093
400803021
700020046
060000284
000419035
000080079

530070008
600195002
098000067
800060003
400803051
700020046
060000284
000419035
000080079

530070008
600195002
098000067
800060023
400803051
700020046
060000284
000419035
000080079

530070008
600195002
098000067
800060093
400803051
700020046
060000284
000419035
000080079

530070008
600195002
098000067
800060003
400803091
700020046
060000284
000419035
000080079

530070008
600195002
098000067
800060023
400803091
700020046
060000284
000419035
000080079

530070008
600195002
098000067
800060053
400803091
700020046
060000284
000419035
000080079

530070008
600195002
098000067
800060003
400803001
700020056
060000284
000419035
000080079

530070008
600195002
098000067
800060003
400803021
700020056
060000284
000419035
000080079

530070008
600195002
098000067
800060043
400803021
700020056
060000284
000419035
000080079

530070008
600195002
098000067
800060093
400803021
700020056
060000284
000419035
000080079

530070008
600195042
098000067
800060093
400803021
700020056
060000284
000419035
000080079

530070018
600195042
098000067
800060093
400803021
700020056
060000284
000419035
000080079

530070018
600195042
098000067
800060093
400803021
700020056
060000284
000419035
000080179

530070018
600195042
098000067
800060093
400803021
700020056
060000284
000419635
000080179

530070018
600195042
098000067
800060093
400803021
700020456
060000284
000419635
000080179

530070018
600195042
098000067
800060093
400803721
700020456
060000284
000419635
000080179

530070018
600195042
098000067
800060093
400803021
700020856
060000284
000419635
000080179

530070018
600195042
098000067
800060093
400803721
700020856
060000284
000419635
000080179

530070018
600195042
098000067
800060493
400803721
700020856
060000284
000419635
000080179

530070018
600195042
098000367
800060493
400803721
700020856
060000284
000419635
000080179

530070018
600195042
098000567
800060493
400803721
700020856
060000284
000419635
000080179

530070018
600195342
098000567
800060493
400803721
700020856
060000284
000419635
000080179

530070918
600195342
098000567
800060493
400803721
700020856
060000284
000419635
000080179

530070918
600195342
098000567
800060493
400803721
700020856
060000284
000419635
000082179

530070918
600195342
098000567
800060493
400803721
700020856
060007284
000419635
000082179

530070918
600195342
098000567
800060493
400803721
700021856
060007284
000419635
000082179

530070918
600195342
098000567
800060493
400803721
700024856
060007284
000419635
000082179

530070918
600195342
098000567
800061493
400803721
700024856
060007284
000419635
000082179

530070918
600195342
098000567
800060493
400803721
700020856
060000284
000419635
000086179

530070918
600195342
098000567
800060493
400803721
700020856
060007284
000419635
000086179

530070918
600195342
098000567
800060493
400803721
700021856
060007284
000419635
000086179

530070918
600195342
098000567
800060493
400803721
700024856
060007284
000419635
000086179

530070918
600195342
098000567
800061493
400803721
700024856
060007284
000419635
000086179

530070918
600195342
098002567
800061493
400803721
700024856
060007284
000419635
000086179

530070018
600195042
098000067
800060093
400803021
700020056
060000284
000419035
000080679

530070008
600195002
098000067
800060003
400803091
700020056
060000284
000419035
000080079

530070008
600195002
098000067
800060023
400803091
700020056
060000284
000419035
000080079

530070008
600195042
098000067
800060023
400803091
700020056
060000284
000419035
000080079

530070018
600195042
098000067
800060023
400803091
700020056
060000284
000419035
000080079

530070018
600195042
098000067
800060023
400803091
700020056
060000284
000419035
000080179

530070018
600195042
098000067
800060023
400803091
700020056
060000284
000419635
000080179

530070018
600195042
098000067
800060023
400803091
700020456
060000284
000419635
000080179

530070018
600195042
098000067
800060023
400803791
700020456
060000284
000419635
000080179

530070018
600195042
098000067
800060023
400803091
700020856
060000284
000419635
000080179

530070018
600195042
098000067
800060023
400803791
700020856
060000284
000419635
000080179

530070018
600195042
098000067
800060423
400803791
700020856
060000284
000419635
000080179

530070018
600195042
098000367
800060423
400803791
700020856
060000284
000419635
000080179

530070018
600195042
098000567
800060423
400803791
700020856
060000284
000419635
000080179

530070018
600195342
098000567
800060423
400803791
700020856
060000284
000419635
000080179

530070918
600195342
098000567
800060423
400803791
700020856
060000284
000419635
000080179

530070918
600195342
098000567
800060423
400803791
700020856
060000284
000419635
000082179

530070918
600195342
098000567
800060423
400803791
700020856
060007284
000419635
000082179

530070918
600195342
098000567
800060423
400803791
700021856
060007284
000419635
000082179

530070918
600195342
098000567
800060423
400803791
700024856
060007284
000419635
000082179

530070918
600195342
098000567
800061423
400803791
700024856
060007284
000419635
000082179

530070918
600195342
098000567
800060423
400803791
700020856
060000284
000419635
000086179

530070918
600195342
098000567
800060423
400803791
700020856
060007284
000419635
000086179

530070918
600195342
098000567
800060423
400803791
700021856
060007284
000419635
000086179

530070918
600195342
098000567
800060423
400803791
700024856
060007284
000419635
000086179

530070918
600195342
098000567
800061423
400803791
700024856
060007284
000419635
000086179

530070918
600195342
098002567
800061423
400803791
700024856
060007284
000419635
000086179

530070018
600195042
098000067
800060023
400803091
700020056
060000284
000419035
000080679

530070008
600195002
098000067
800060043
400803091
700020056
060000284
000419035
000080079

530070008
600195002
098000067
800060003
400803001
700020096
060000284
000419035
000080079

530070008
600195002
098000067
800060003
400803021
700020096
060000284
000419035
000080079

530070008
600195002
098000067
800060043
400803021
700020096
060000284
000419035
000080079

530070008
600195002
098000067
800060053
400803021
700020096
060000284
000419035
000080079

530070008
600195042
098000067
800060053
400803021
700020096
060000284
000419035
000080079

530070018
600195042
098000067
800060053
400803021
700020096
060000284
000419035
000080079

530070018
600195042
098000067
800060053
400803021
700020096
060000284
000419035
000080179

530070018
600195042
098000067
800060053
400803021
700020096
060000284
000419635
000080179

530070018
600195042
098000067
800060053
400803021
700020496
060000284
000419635
000080179

530070018
600195042
098000067
800060053
400803721
700020496
060000284
000419635
000080179

530070018
600195042
098000067
800060053
400803021
700020896
060000284
000419635
000080179

530070018
600195042
098000067
800060053
400803721
700020896
060000284
000419635
000080179

530070018
600195042
098000067
800060453
400803721
700020896
060000284
000419635
000080179

530070018
600195042
098000367
800060453
400803721
700020896
060000284
000419635
000080179

530070018
600195042
098000567
800060453
400803721
700020896
060000284
000419635
000080179

530070018
600195342
098000567
800060453
400803721
700020896
060000284
000419635
000080179

530070918
600195342
098000567
800060453
400803721
700020896
060000284
000419635
000080179

530070918
600195342
098000567
800060453
400803721
700020896
060000284
000419635
000082179

530070918
600195342
098000567
800060453
400803721
700020896
060007284
000419635
000082179

530070918
600195342
098000567
800060453
400803721
700021896
060007284
000419635
000082179

530070918
600195342
098000567
800060453
400803721
700024896
060007284
000419635
000082179

530070918
600195342
098000567
800061453
400803721
700024896
060007284
000419635
000082179

530070918
600195342
098000567
800060453
400803721
700020896
060000284
000419635
000086179

530070918
600195342
098000567
800060453
400803721
700020896
060007284
000419635
000086179

530070918
600195342
098000567
800060453
400803721
700021896
060007284
000419635
000086179

530070918
600195342
098000567
800060453
400803721
700024896
060007284
000419635
000086179

530070918
600195342
098000567
800061453
400803721
700024896
060007284
000419635
000086179

530070918
600195342
098002567
800061453
400803721
700024896
060007284
000419635
000086179

530070018
600195042
098000067
800060053
400803021
700020096
060000284
000419035
000080679

530070008
600195002
098000067
800060003
400803051
700020096
060000284
000419035
000080079

530070008
600195002
098000067
800060023
400803051
700020096
060000284
000419035
000080079

530070008
600195042
098000067
800060023
400803051
700020096
060000284
000419035
000080079

530070018
600195042
098000067
800060023
400803051
700020096
060000284
000419035
000080079

530070018
600195042
098000067
800060023
400803051
700020096
060000284
000419035
000080179

530070018
600195042
098000067
800060023
400803051
700020096
060000284
000419635
000080179

530070018
600195042
098000067
800060023
400803051
700020496
060000284
000419635
000080179

530070018
600195042
098000067
800060023
400803751
700020496
060000284
000419635
000080179

530070018
600195042
098000067
800060023
400803051
700020896
060000284
000419635
000080179

530070018
600195042
098000067
800060023
400803751
700020896
060000284
000419635
000080179

530070018
600195042
098000067
800060423
400803751
700020896
060000284
000419635
000080179

530070018
600195042
098000367
800060423
400803751
700020896
060000284
000419635
000080179

530070018
600195042
098000567
800060423
400803751
700020896
060000284
000419635
000080179

530070018
600195342
098000567
800060423
400803751
700020896
060000284
000419635
000080179

530070918
600195342
098000567
800060423
400803751
700020896
060000284
000419635
000080179

530070918
600195342
098000567
800060423
400803751
700020896
060000284
000419635
000082179

530070918
600195342
098000567
800060423
400803751
700020896
060007284
000419635
000082179

530070918
600195342
098000567
800060423
400803751
700021896
060007284
000419635
000082179

530070918
600195342
098000567
800060423
400803751
700024896
060007284
000419635
000082179

530070918
600195342
098000567
800061423
400803751
700024896
060007284
000419635
000082179

530070918
600195342
098000567
800060423
400803751
700020896
060000284
000419635
000086179

530070918
600195342
098000567
800060423
400803751
700020896
060007284
000419635
000086179

530070918
600195342
098000567
800060423
400803751
700021896
060007284
000419635
000086179

530070918
600195342
098000567
800060423
400803751
700024896
060007284
000419635
000086179

530070918
600195342
098000567
800061423
400803751
700024896
060007284
000419635
000086179

530070918
600195342
098002567
800061423
400803751
700024896
060007284
000419635
000086179

530070018
600195042
098000067
800060023
400803051
700020096
060000284
000419035
000080679

530070008
600195002
098000067
800060043
400803051
700020096
060000284
000419035
000080079

530070000
600195008
098000067
800060003
400803001
700020006
060000284
000419005
000080079

530070002
600195008
098000067
800060003
400803001
700020006
060000284
000419005
000080079

530070002
600195008
098000067
800060003
400803001
700020006
060000284
000419035
000080079

530070002
600195008
098000067
800060003
400803001
700020046
060000284
000419035
000080079

530070002
600195008
098000067
800060003
400803021
700020046
060000284
000419035
000080079

530070002
600195008
098000067
800060053
400803021
700020046
060000284
000419035
000080079

530070002
600195008
098000067
800060093
400803021
700020046
060000284
000419035
000080079

530070002
600195008
098000067
800060003
400803051
700020046
060000284
000419035
000080079

530070002
600195008
098000067
800060023
400803051
700020046
060000284
000419035
000080079

530070002
600195008
098000067
800060093
400803051
700020046
060000284
000419035
000080079

530070002
600195008
098000067
800060003
400803091
700020046
060000284
000419035
000080079

530070002
600195008
098000067
800060023
400803091
700020046
060000284
000419035
000080079

530070002
600195008
098000067
800060053
400803091
700020046
060000284
000419035
000080079

530070002
600195008
098000067
800060003
400803001
700020056
060000284
000419035
000080079

530070002
600195008
098000067
800060003
400803021
700020056
060000284
000419035
000080079

530070002
600195008
098000067
800060043
400803021
700020056
060000284
000419035
000080079

530070002
600195008
098000067
800060093
400803021
700020056
060000284
000419035
000080079

530070002
600195048
098000067
800060093
400803021
700020056
060000284
000419035
000080079

530070012
600195048
098000067
800060093
400803021
700020056
060000284
000419035
000080079

530070012
600195048
098000067
800060093
400803021
700020056
060000284
000419035
000080179

530070012
600195048
098000067
800060093
400803021
700020056
060000284
000419635
000080179

530070012
600195048
098000067
800060093
400803021
700020456
060000284
000419635
000080179

530070012
600195048
098000067
800060093
400803721
700020456
060000284
000419635
000080179

530070012
600195048
098000067
800060093
400803021
700020856
060000284
000419635
000080179

530070012
600195048
098000067
800060093
400803721
700020856
060000284
000419635
000080179

530070012
600195048
098000067
800060493
400803721
700020856
060000284
000419635
000080179

530070012
600195048
098000367
800060493
400803721
700020856
060000284
000419635
000080179

530070012
600195048
098000567
800060493
400803721
700020856
060000284
000419635
000080179

530070012
600195348
098000567
800060493
400803721
700020856
060000284
000419635
000080179

530070912
600195348
098000567
800060493
400803721
700020856
060000284
000419635
000080179

530070912
600195348
098000567
800060493
400803721
700020856
060000284
000419635
000082179

530070912
600195348
098000567
800060493
400803721
700020856
060007284
000419635
000082179

530070912
600195348
098000567
800060493
400803721
700021856
060007284
000419635
000082179

530070912
600195348
098000567
800060493
400803721
700024856
060007284
000419635
000082179

530070912
600195348
098000567
800061493
400803721
700024856
060007284
000419635
000082179

530070912
600195348
098000567
800060493
400803721
700020856
060000284
000419635
000086179

530070912
600195348
098000567
800060493
400803721
700020856
060007284
000419635
000086179

530070912
600195348
098000567
800060493
400803721
700021856
060007284
000419635
000086179

530070912
600195348
098000567
800060493
400803721
700024856
060007284
000419635
000086179

530070912
600195348
098000567
800061493
400803721
700024856
060007284
000419635
000086179

530070912
600195348
098002567
800061493
400803721
700024856
060007284
000419635
000086179

530078912
600195348
098002567
800061493
400803721
700024856
060007284
000419635
000086179

530078912
600195348
098002567
800061493
400803721
700024856
060037284
000419635
000086179

530078912
600195348
098002567
800061493
400853721
700024856
060037284
000419635
000086179

530078912
600195348
098042567
800061493
400853721
700024856
060037284
000419635
000086179

530078912
600195348
098042567
800061493
400853721
700024856
060037284
000419635
000286179

530078912
600195348
098042567
800061493
400853721
700024856
060537284
000419635
000286179

530078912
600195348
098042567
800061493
400853721
700924856
060537284
000419635
000286179

530078912
600195348
098042567
800761493
400853721
700924856
060537284
000419635
000286179

530078912
600195348
098342567
800761493
400853721
700924856
060537284
000419635
000286179

530678912
600195348
098342567
800761493
400853721
700924856
060537284
000419635
000286179

530678912
600195348
098342567
800761493
400853721
700924856
060537284
000419635
003286179

530678912
600195348
098342567
800761493
400853721
700924856
060537284
002419635
003286179

530678912
600195348
098342567
800761493
400853721
700924856
061537284
002419635
003286179

530678912
600195348
098342567
800761493
400853721
700924856
069537284
002419635
003286179

530678912
600195348
098342567
800761493
400853721
701924856
069537284
002419635
003286179

530678912
600195348
098342567
800761493
406853721
701924856
069537284
002419635
003286179

530678912
600195348
098342567
805761493
406853721
701924856
069537284
002419635
003286179

530678912
607195348
098342567
805761493
406853721
701924856
069537284
002419635
003286179

534678912
607195348
098342567
805761493
406853721
701924856
069537284
002419635
003286179

534678912
607195348
098342567
805761493
406853721
701924856
069537284
002419635
043286179

534678912
607195348
098342567
805761493
406853721
701924856
069537284
072419635
043286179

534678912
607195348
098342567
805761493
406853721
701924856
069537284
082419635
043286179

534678912
607195348
098342567
805761493
406853721
701924856
069537284
002419635
053286179

534678912
607195348
098342567
805761493
406853721
701924856
069537284
072419635
053286179

534678912
607195348
098342567
805761493
406853721
701924856
069537284
082419635
053286179

530678912
600195348
098342567
800761493
400853721
700924856
060537284
007419635
003286179

530678912
600195348
098342567
800761493
400853721
700924856
061537284
007419635
003286179

530678912
600195348
098342567
800761493
400853721
700924856
069537284
007419635
003286179

530678912
600195348
098342567
800761493
400853721
701924856
069537284
007419635
003286179

530678912
600195348
098342567
800761493
406853721
701924856
069537284
007419635
003286179

530678912
600195348
098342567
802761493
406853721
701924856
069537284
007419635
003286179

530678912
600195348
098342567
805761493
406853721
701924856
069537284
007419635
003286179

530678912
602195348
098342567
805761493
406853721
701924856
069537284
007419635
003286179

534678912
602195348
098342567
805761493
406853721
701924856
069537284
007419635
003286179

534678912
602195348
098342567
805761493
406853721
701924856
069537284
007419635
043286179

534678912
602195348
098342567
805761493
406853721
701924856
069537284
027419635
043286179

534678912
602195348
098342567
805761493
406853721
701924856
069537284
087419635
043286179

534678912
602195348
098342567
805761493
406853721
701924856
069537284
007419635
053286179

534678912
602195348
098342567
805761493
406853721
701924856
069537284
027419635
053286179

534678912
602195348
098342567
805761493
406853721
701924856
069537284
087419635
053286179

530678912
600195348
098342567
800761493
400853721
700924856
060537284
000419635
004286179

530678912
600195348
098342567
800761493
400853721
700924856
060537284
002419635
004286179

530678912
600195348
098342567
800761493
400853721
700924856
061537284
002419635
004286179

530678912
600195348
098342567
800761493
400853721
703924856
061537284
002419635
004286179

530678912
600195348
098342567
800761493
406853721
703924856
061537284
002419635
004286179

530678912
600195348
098342567
805761493
406853721
703924856
061537284
002419635
004286179

530678912
607195348
098342567
805761493
406853721
703924856
061537284
002419635
004286179

530678912
600195348
098342567
800761493
409853721
703924856
061537284
002419635
004286179

530678912
600195348
098342567
805761493
409853721
703924856
061537284
002419635
004286179

530678912
607195348
098342567
805761493
409853721
703924856
061537284
002419635
004286179

530678912
600195348
098342567
800761493
400853721
700924856
069537284
002419635
004286179

530678912
600195348
098342567
800761493
400853721
701924856
069537284
002419635
004286179

530678912
600195348
098342567
800761493
406853721
701924856
069537284
002419635
004286179

530678912
600195348
098342567
805761493
406853721
701924856
069537284
002419635
004286179

530678912
607195348
098342567
805761493
406853721
701924856
069537284
002419635
004286179

530678912
600195348
098342567
800761493
400853721
703924856
069537284
002419635
004286179

530678912
600195348
098342567
800761493
406853721
703924856
069537284
002419635
004286179

530678912
600195348
098342567
805761493
406853721
703924856
069537284
002419635
004286179

530678912
607195348
098342567
805761493
406853721
703924856
069537284
002419635
004286179

530678912
600195348
098342567
800761493
400853721
700924856
060537284
007419635
004286179

530678912
600195348
098342567
800761493
400853721
700924856
061537284
007419635
004286179

530678912
600195348
098342567
800761493
400853721
703924856
061537284
007419635
004286179

530678912
600195348
098342567
800761493
406853721
703924856
061537284
007419635
004286179

530678912
600195348
098342567
802761493
406853721
703924856
061537284
007419635
004286179

530678912
600195348
098342567
805761493
406853721
703924856
061537284
007419635
004286179

530678912
602195348
098342567
805761493
406853721
703924856
061537284
007419635
004286179

530678912
600195348
098342567
800761493
409853721
703924856
061537284
007419635
004286179

530678912
600195348
098342567
802761493
409853721
703924856
061537284
007419635
004286179

530678912
600195348
098342567
805761493
409853721
703924856
061537284
007419635
004286179

530678912
602195348
098342567
805761493
409853721
703924856
061537284
007419635
004286179

530678912
600195348
098342567
800761493
400853721
700924856
069537284
007419635
004286179

530678912
600195348
098342567
800761493
400853721
701924856
069537284
007419635
004286179

530678912
600195348
098342567
800761493
406853721
701924856
069537284
007419635
004286179

530678912
600195348
098342567
802761493
406853721
701924856
069537284
007419635
004286179

530678912
600195348
098342567
805761493
406853721
701924856
069537284
007419635
004286179

530678912
602195348
098342567
805761493
406853721
701924856
069537284
007419635
004286179

530678912
600195348
098342567
800761493
400853721
703924856
069537284
007419635
004286179

530678912
600195348
098342567
800761493
406853721
703924856
069537284
007419635
004286179

530678912
600195348
098342567
802761493
406853721
703924856
069537284
007419635
004286179

530678912
600195348
098342567
805761493
406853721
703924856
069537284
007419635
004286179

530678912
602195348
098342567
805761493
406853721
703924856
069537284
007419635
004286179

530678912
600195348
098342567
800761493
400853721
700924856
060537284
000419635
005286179

530678912
600195348
098342567
800761493
400853721
700924856
060537284
002419635
005286179

530678912
600195348
098342567
800761493
400853721
700924856
061537284
002419635
005286179

530678912
600195348
098342567
800761493
400853721
703924856
061537284
002419635
005286179

530678912
600195348
098342567
800761493
406853721
703924856
061537284
002419635
005286179

530678912
600195348
098342567
800761493
409853721
703924856
061537284
002419635
005286179

530678912
600195348
098342567
800761493
400853721
700924856
069537284
002419635
005286179

530678912
600195348
098342567
800761493
400853721
701924856
069537284
002419635
005286179

530678912
600195348
098342567
800761493
406853721
701924856
069537284
002419635
005286179

530678912
600195348
098342567
800761493
400853721
703924856
069537284
002419635
005286179

530678912
600195348
098342567
800761493
406853721
703924856
069537284
002419635
005286179

530678912
600195348
098342567
800761493
400853721
700924856
060537284
007419635
005286179

530678912
600195348
098342567
800761493
400853721
700924856
061537284
007419635
005286179

530678912
600195348
098342567
800761493
400853721
703924856
061537284
007419635
005286179

530678912
600195348
098342567
800761493
406853721
703924856
061537284
007419635
005286179

530678912
600195348
098342567
802761493
406853721
703924856
061537284
007419635
005286179

530678912
600195348
098342567
800761493
409853721
703924856
061537284
007419635
005286179

530678912
600195348
098342567
802761493
409853721
703924856
061537284
007419635
005286179

530678912
600195348
098342567
800761493
400853721
700924856
069537284
007419635
005286179

530678912
600195348
098342567
800761493
400853721
701924856
069537284
007419635
005286179

530678912
600195348
098342567
800761493
406853721
701924856
069537284
007419635
005286179

530678912
600195348
098342567
802761493
406853721
701924856
069537284
007419635
005286179

530678912
600195348
098342567
800761493
400853721
703924856
069537284
007419635
005286179

530678912
600195348
098342567
800761493
406853721
703924856
069537284
007419635
005286179

530678912
600195348
098342567
802761493
406853721
703924856
069537284
007419635
005286179

530078912
600195348
098042567
800061493
400853721
700024856
060037284
000419635
000586179

530078912
600195348
098002567
800061493
400803721
700024856
060057284
000419635
000086179

530070012
600195048
098000067
800060093
400803021
700020056
060000284
000419035
000080679

530070002
600195008
098000067
800060003
400803091
700020056
060000284
000419035
000080079

530070002
600195008
098000067
800060023
400803091
700020056
060000284
000419035
000080079

530070002
600195048
098000067
800060023
400803091
700020056
060000284
000419035
000080079

530070012
600195048
098000067
800060023
400803091
700020056
060000284
000419035
000080079

530070012
600195048
098000067
800060023
400803091
700020056
060000284
000419035
000080179

530070012
600195048
098000067
800060023
400803091
700020056
060000284
000419635
000080179

530070012
600195048
098000067
800060023
400803091
700020456
060000284
000419635
000080179

530070012
600195048
098000067
800060023
400803791
700020456
060000284
000419635
000080179

530070012
600195048
098000067
800060023
400803091
700020856
060000284
000419635
000080179

530070012
600195048
098000067
800060023
400803791
700020856
060000284
000419635
000080179

530070012
600195048
098000067
800060423
400803791
700020856
060000284
000419635
000080179

530070012
600195048
098000367
800060423
400803791
700020856
060000284
000419635
000080179

530070012
600195048
098000567
800060423
400803791
700020856
060000284
000419635
000080179

530070012
600195348
098000567
800060423
400803791
700020856
060000284
000419635
000080179

530070912
600195348
098000567
800060423
400803791
700020856
060000284
000419635
000080179

530070912
600195348
098000567
800060423
400803791
700020856
060000284
000419635
000082179

530070912
600195348
098000567
800060423
400803791
700020856
060007284
000419635
000082179

530070912
600195348
098000567
800060423
400803791
700021856
060007284
000419635
000082179

530070912
600195348
098000567
800060423
400803791
700024856
060007284
000419635
000082179

530070912
600195348
098000567
800061423
400803791
700024856
060007284
000419635
000082179

530070912
600195348
098000567
800060423
400803791
700020856
060000284
000419635
000086179

530070912
600195348
098000567
800060423
400803791
700020856
060007284
000419635
000086179

530070912
600195348
098000567
800060423
400803791
700021856
060007284
000419635
000086179

530070912
600195348
098000567
800060423
400803791
700024856
060007284
000419635
000086179

530070912
600195348
098000567
800061423
400803791
700024856
060007284
000419635
000086179

530070912
600195348
098002567
800061423
400803791
700024856
060007284
000419635
000086179

530078912
600195348
098002567
800061423
400803791
700024856
060007284
000419635
000086179

530078912
600195348
098002567
800061423
400803791
700024856
060037284
000419635
000086179

530078912
600195348
098002567
800061423
400853791
700024856
060037284
000419635
000086179

530078912
600195348
098042567
800061423
400853791
700024856
060037284
000419635
000086179

530078912
600195348
098042567
800061423
400853791
700024856
060037284
000419635
000286179

530078912
600195348
098042567
800061423
400853791
700024856
060537284
000419635
000286179

530078912
600195348
098042567
800061423
400853791
700924856
060537284
000419635
000286179

530078912
600195348
098042567
800761423
400853791
700924856
060537284
000419635
000286179

530078912
600195348
098342567
800761423
400853791
700924856
060537284
000419635
000286179

530678912
600195348
098342567
800761423
400853791
700924856
060537284
000419635
000286179

530678912
600195348
098342567
800761423
400853791
700924856
060537284
000419635
003286179

530678912
600195348
098342567
800761423
400853791
700924856
060537284
002419635
003286179

530678912
600195348
098342567
800761423
400853791
700924856
061537284
002419635
003286179

530678912
600195348
098342567
800761423
400853791
700924856
069537284
002419635
003286179

530678912
600195348
098342567
800761423
400853791
701924856
069537284
002419635
003286179

530678912
600195348
098342567
800761423
406853791
701924856
069537284
002419635
003286179

530678912
600195348
098342567
805761423
406853791
701924856
069537284
002419635
003286179

530678912
607195348
098342567
805761423
406853791
701924856
069537284
002419635
003286179

534678912
607195348
098342567
805761423
406853791
701924856
069537284
002419635
003286179

534678912
607195348
098342567
805761423
406853791
701924856
069537284
002419635
043286179

534678912
607195348
098342567
805761423
406853791
701924856
069537284
072419635
043286179

534678912
607195348
098342567
805761423
406853791
701924856
069537284
082419635
043286179

534678912
607195348
098342567
805761423
406853791
701924856
069537284
002419635
053286179

534678912
607195348
098342567
805761423
406853791
701924856
069537284
072419635
053286179

534678912
607195348
098342567
805761423
406853791
701924856
069537284
082419635
053286179

530678912
600195348
098342567
800761423
400853791
700924856
060537284
007419635
003286179

530678912
600195348
098342567
800761423
400853791
700924856
061537284
007419635
003286179

530678912
600195348
098342567
800761423
400853791
700924856
069537284
007419635
003286179

530678912
600195348
098342567
800761423
400853791
701924856
069537284
007419635
003286179

530678912
600195348
098342567
800761423
402853791
701924856
069537284
007419635
003286179

530678912
600195348
098342567
805761423
402853791
701924856
069537284
007419635
003286179

530678912
600195348
098342567
800761423
406853791
701924856
069537284
007419635
003286179

530678912
600195348
098342567
805761423
406853791
701924856
069537284
007419635
003286179

530678912
602195348
098342567
805761423
406853791
701924856
069537284
007419635
003286179

534678912
602195348
098342567
805761423
406853791
701924856
069537284
007419635
003286179

534678912
602195348
098342567
805761423
406853791
701924856
069537284
007419635
043286179

534678912
602195348
098342567
805761423
406853791
701924856
069537284
027419635
043286179

534678912
602195348
098342567
805761423
406853791
701924856
069537284
087419635
043286179

534678912
602195348
098342567
805761423
406853791
701924856
069537284
007419635
053286179

534678912
602195348
098342567
805761423
406853791
701924856
069537284
027419635
053286179

534678912
602195348
098342567
805761423
406853791
701924856
069537284
087419635
053286179

530678912
600195348
098342567
800761423
400853791
700924856
060537284
000419635
004286179

530678912
600195348
098342567
800761423
400853791
700924856
060537284
002419635
004286179

530678912
600195348
098342567
800761423
400853791
700924856
061537284
002419635
004286179

530678912
600195348
098342567
800761423
400853791
703924856
061537284
002419635
004286179

530678912
600195348
098342567
800761423
406853791
703924856
061537284
002419635
004286179

530678912
600195348
098342567
805761423
406853791
703924856
061537284
002419635
004286179

530678912
607195348
098342567
805761423
406853791
703924856
061537284
002419635
004286179

530678912
600195348
098342567
809761423
406853791
703924856
061537284
002419635
004286179

530678912
607195348
098342567
809761423
406853791
703924856
061537284
002419635
004286179

530678912
600195348
098342567
800761423
400853791
700924856
069537284
002419635
004286179

530678912
600195348
098342567
800761423
400853791
701924856
069537284
002419635
004286179

530678912
600195348
098342567
800761423
406853791
701924856
069537284
002419635
004286179

530678912
600195348
098342567
805761423
406853791
701924856
069537284
002419635
004286179

530678912
607195348
098342567
805761423
406853791
701924856
069537284
002419635
004286179

530678912
600195348
098342567
800761423
400853791
703924856
069537284
002419635
004286179

530678912
600195348
098342567
800761423
406853791
703924856
069537284
002419635
004286179

530678912
600195348
098342567
805761423
406853791
703924856
069537284
002419635
004286179

530678912
607195348
098342567
805761423
406853791
703924856
069537284
002419635
004286179

530678912
600195348
098342567
800761423
400853791
700924856
060537284
007419635
004286179

530678912
600195348
098342567
800761423
400853791
700924856
061537284
007419635
004286179

530678912
600195348
098342567
800761423
400853791
703924856
061537284
007419635
004286179

530678912
600195348
098342567
800761423
402853791
703924856
061537284
007419635
004286179

530678912
600195348
098342567
805761423
402853791
703924856
061537284
007419635
004286179

530678912
600195348
098342567
809761423
402853791
703924856
061537284
007419635
004286179

530678912
600195348
098342567
800761423
406853791
703924856
061537284
007419635
004286179

530678912
600195348
098342567
805761423
406853791
703924856
061537284
007419635
004286179

530678912
602195348
098342567
805761423
406853791
703924856
061537284
007419635
004286179

530678912
600195348
098342567
809761423
406853791
703924856
061537284
007419635
004286179

530678912
602195348
098342567
809761423
406853791
703924856
061537284
007419635
004286179

530678912
600195348
098342567
800761423
400853791
700924856
069537284
007419635
004286179

530678912
600195348
098342567
800761423
400853791
701924856
069537284
007419635
004286179

530678912
600195348
098342567
800761423
402853791
701924856
069537284
007419635
004286179

530678912
600195348
098342567
805761423
402853791
701924856
069537284
007419635
004286179

530678912
600195348
098342567
800761423
406853791
701924856
069537284
007419635
004286179

530678912
600195348
098342567
805761423
406853791
701924856
069537284
007419635
004286179

530678912
602195348
098342567
805761423
406853791
701924856
069537284
007419635
004286179

530678912
600195348
098342567
800761423
400853791
703924856
069537284
007419635
004286179

530678912
600195348
098342567
800761423
402853791
703924856
069537284
007419635
004286179

530678912
600195348
098342567
805761423
402853791
703924856
069537284
007419635
004286179

530678912
600195348
098342567
800761423
406853791
703924856
069537284
007419635
004286179

530678912
600195348
098342567
805761423
406853791
703924856
069537284
007419635
004286179

530678912
602195348
098342567
805761423
406853791
703924856
069537284
007419635
004286179

530678912
600195348
098342567
800761423
400853791
700924856
060537284
000419635
005286179

530678912
600195348
098342567
800761423
400853791
700924856
060537284
002419635
005286179

530678912
600195348
098342567
800761423
400853791
700924856
061537284
002419635
005286179

530678912
600195348
098342567
800761423
400853791
703924856
061537284
002419635
005286179

530678912
600195348
098342567
800761423
406853791
703924856
061537284
002419635
005286179

530678912
600195348
098342567
809761423
406853791
703924856
061537284
002419635
005286179

530678912
607195348
098342567
809761423
406853791
703924856
061537284
002419635
005286179

534678912
607195348
098342567
809761423
406853791
703924856
061537284
002419635
005286179

534678912
607195348
098342567
809761423
406853791
703924856
061537284
002419635
045286179

534678912
607195348
098342567
809761423
406853791
703924856
061537284
072419635
045286179

534678912
607195348
098342567
809761423
406853791
713924856
061537284
072419635
045286179

534678912
607195348
098342567
809761423
426853791
713924856
061537284
072419635
045286179

534678912
607195348
098342567
859761423
426853791
713924856
061537284
072419635
045286179

534678912
607195348
098342567
809761423
406853791
703924856
061537284
082419635
045286179

534678912
607195348
098342567
809761423
406853791
713924856
061537284
082419635
045286179

534678912
607195348
098342567
809761423
426853791
713924856
061537284
082419635
045286179

534678912
607195348
098342567
859761423
426853791
713924856
061537284
082419635
045286179

530678912
600195348
098342567
800761423
400853791
700924856
069537284
002419635
005286179

530678912
600195348
098342567
800761423
400853791
701924856
069537284
002419635
005286179

530678912
600195348
098342567
800761423
406853791
701924856
069537284
002419635
005286179

530678912
600195348
098342567
800761423
400853791
703924856
069537284
002419635
005286179

530678912
600195348
098342567
800761423
406853791
703924856
069537284
002419635
005286179

530678912
600195348
098342567
800761423
400853791
700924856
060537284
007419635
005286179

530678912
600195348
098342567
800761423
400853791
700924856
061537284
007419635
005286179

530678912
600195348
098342567
800761423
400853791
703924856
061537284
007419635
005286179

530678912
600195348
098342567
800761423
402853791
703924856
061537284
007419635
005286179

530678912
600195348
098342567
809761423
402853791
703924856
061537284
007419635
005286179

530678912
600195348
098342567
800761423
406853791
703924856
061537284
007419635
005286179

530678912
600195348
098342567
809761423
406853791
703924856
061537284
007419635
005286179

530678912
602195348
098342567
809761423
406853791
703924856
061537284
007419635
005286179

534678912
602195348
098342567
809761423
406853791
703924856
061537284
007419635
005286179

534678912
602195348
098342567
809761423
406853791
703924856
061537284
007419635
045286179

534678912
602195348
098342567
809761423
406853791
703924856
061537284
027419635
045286179

534678912
602195348
098342567
809761423
406853791
713924856
061537284
027419635
045286179

534678912
602195348
098342567
809761423
406853791
703924856
061537284
087419635
045286179

534678912
602195348
098342567
809761423
406853791
713924856
061537284
087419635
045286179

534678912
602195348
098342567
809761423
426853791
713924856
061537284
087419635
045286179

534678912
602195348
098342567
859761423
426853791
713924856
061537284
087419635
045286179

534678912
672195348
098342567
859761423
426853791
713924856
061537284
087419635
045286179

534678912
672195348
098342567
859761423
426853791
713924856
061537284
087419635
345286179

534678912
672195348
098342567
859761423
426853791
713924856
061537284
287419635
345286179

534678912
672195348
098342567
859761423
426853791
713924856
961537284
287419635
345286179

534678912
672195348
198342567
859761423
426853791
713924856
961537284
287419635
345286179

